0	0	73206
73206	73206	71442
144648	144648	68355
213003	213003	104517
317520	317520	72324
389844	389844	43218
433062	433062	63945
497007	497007	109809
606816	606816	82467
689283	689283	37485
726768	726768	43218
769986	769986	70119
840105	840105	71883
911988	911988	29106
941094	941094	87759
1028853	1028853	51597
1080450	1080450	61299
1141749	1141749	51597
1193346	1193346	21609
1214955	1214955	65709
1280664	1280664	45864
1326528	1326528	43659
1370187	1370187	59976
1430163	1430163	42777
1472940	1472940	82026
1554966	1554966	82908
1637874	1637874	69237
1707111	1707111	68796
1775907	1775907	43218
1819125	1819125	70560
1889685	1889685	51597
1941282	1941282	109368
2050650	2050650	67914
2118564	2118564	138033
2256597	2256597	84231
2340828	2340828	92610
2433438	2433438	48951
2482389	2482389	59094
2541483	2541483	99666
2641149	2641149	42336
2683485	2683485	46746
2730231	2730231	140238
2870469	2870469	52479
2922948	2922948	67914
2990862	2990862	27342
3018204	3018204	80703
3098907	3098907	59976
3158883	3158883	114219
3273102	3273102	30429
3303531	3303531	76734
3380265	3380265	86436
3466701	3466701	59976
3526677	3526677	57771
3584448	3584448	78939
3663387	3663387	37485
3700872	3700872	37485
3738357	3738357	32193
3770550	3770550	61299
3831849	3831849	33957
3865806	3865806	39690
3905496	3905496	51156
3956652	3956652	105399
4062051	4062051	55566
4117617	4117617	94374
4211991	4211991	37485
4249476	4249476	56889
4306365	4306365	24255
4330620	4330620	33957
4364577	4364577	87318
4451895	4451895	73647
4525542	4525542	27783
4553325	4553325	40572
4593897	4593897	60417
4654314	4654314	63063
4717377	4717377	33957
4751334	4751334	37044
4788378	4788378	49833
4838211	4838211	86436
4924647	4924647	31752
4956399	4956399	67473
5023872	5023872	88641
5112513	5112513	108927
5221440	5221440	55125
5276565	5276565	61299
5337864	5337864	48951
5386815	5386815	89964
5476779	5476779	80262
5557041	5557041	83349
5640390	5640390	17199
5657589	5657589	56448
5714037	5714037	33075
5747112	5747112	42336
5789448	5789448	45423
5834871	5834871	111132
5946003	5946003	52920
5998923	5998923	82908
6081831	6081831	64386
6146217	6146217	35280
6181497	6181497	82026
6263523	6263523	21168
6284691	6284691	37485
6322176	6322176	139356
6461532	6461532	95256
6556788	6556788	29106
6585894	6585894	104958
6690852	6690852	64827
6755679	6755679	48951
6804630	6804630	40131
6844761	6844761	68796
6913557	6913557	94815
7008372	7008372	40131
7048503	7048503	60858
7109361	7109361	63504
7172865	7172865	158319
7331184	7331184	64386
7395570	7395570	38367
7433937	7433937	38367
7472304	7472304	51156
7523460	7523460	61740
7585200	7585200	70119
7655319	7655319	70119
7725438	7725438	78057
7803495	7803495	73647
7877142	7877142	33957
7911099	7911099	49833
7960932	7960932	82026
8042958	8042958	52479
8095437	8095437	57330
8152767	8152767	46305
8199072	8199072	49833
8248905	8248905	44541
8293446	8293446	61299
8354745	8354745	57771
8412516	8412516	44541
8457057	8457057	68355
8525412	8525412	56889
8582301	8582301	56448
8638749	8638749	71883
8710632	8710632	96138
8806770	8806770	67032
8873802	8873802	45423
8919225	8919225	126126
9045351	9045351	113337
9158688	9158688	73647
9232335	9232335	60417
9292752	9292752	33516
9326268	9326268	47187
9373455	9373455	42777
9416232	9416232	59094
9475326	9475326	73206
9548532	9548532	57771
9606303	9606303	29988
9636291	9636291	56889
9693180	9693180	89082
9782262	9782262	70119
9852381	9852381	52479
9904860	9904860	56889
9961749	9961749	69237
10030986	10030986	45423
10076409	10076409	70119
10146528	10146528	41895
10188423	10188423	42777
10231200	10231200	108927
10340127	10340127	52479
10392606	10392606	85554
10478160	10478160	58653
10536813	10536813	38808
10575621	10575621	53361
10628982	10628982	82908
10711890	10711890	116865
10828755	10828755	74529
10903284	10903284	5733
10909017	10909017	48510
10957527	10957527	47628
11005155	11005155	71001
11076156	11076156	42336
11118492	11118492	63504
11181996	11181996	57330
11239326	11239326	95256
11334582	11334582	50715
11385297	11385297	147735
11533032	11533032	64386
11597418	11597418	105840
11703258	11703258	52479
11755737	11755737	39249
11794986	11794986	73647
11868633	11868633	136269
12004902	12004902	51597
12056499	12056499	36162
12092661	12092661	21168
12113829	12113829	29988
12143817	12143817	45864
12189681	12189681	50715
12240396	12240396	61299
12301695	12301695	29547
12331242	12331242	36603
12367845	12367845	80262
12448107	12448107	25137
12473244	12473244	37926
12511170	12511170	83349
12594519	12594519	43218
12637737	12637737	34839
12672576	12672576	63945
12736521	12736521	46746
12783267	12783267	33957
12817224	12817224	12789
12830013	12830013	26460
12856473	12856473	56889
12913362	12913362	48069
12961431	12961431	96579
13058010	13058010	110691
13168701	13168701	55125
13223826	13223826	123921
13347747	13347747	36603
13384350	13384350	37926
13422276	13422276	59976
13482252	13482252	41454
13523706	13523706	126567
13650273	13650273	58653
13708926	13708926	71442
13780368	13780368	122157
13902525	13902525	114219
14016744	14016744	104517
14121261	14121261	156555
14277816	14277816	119070
14396886	14396886	143325
14540211	14540211	49833
14590044	14590044	12789
14602833	14602833	79821
14682654	14682654	73647
14756301	14756301	78939
14835240	14835240	47628
14882868	14882868	29547
14912415	14912415	113778
15026193	15026193	98343
15124536	15124536	78939
15203475	15203475	41454
15244929	15244929	85995
15330924	15330924	129654
15460578	15460578	54243
15514821	15514821	54684
15569505	15569505	83349
15652854	15652854	91728
15744582	15744582	38808
15783390	15783390	44982
15828372	15828372	41013
15869385	15869385	94815
15964200	15964200	116865
16081065	16081065	25137
16106202	16106202	33075
16139277	16139277	34398
16173675	16173675	33516
16207191	16207191	13671
16220862	16220862	32634
16253496	16253496	64827
16318323	16318323	34839
16353162	16353162	126126
16479288	16479288	111573
16590861	16590861	56448
16647309	16647309	83349
16730658	16730658	70119
16800777	16800777	116865
16917642	16917642	123039
17040681	17040681	72765
17113446	17113446	52038
17165484	17165484	81144
17246628	17246628	45864
17292492	17292492	93051
17385543	17385543	33075
17418618	17418618	34839
17453457	17453457	60858
17514315	17514315	73206
17587521	17587521	40572
17628093	17628093	90405
17718498	17718498	74088
17792586	17792586	56889
17849475	17849475	47628
17897103	17897103	74088
17971191	17971191	126567
18097758	18097758	112455
18210213	18210213	96579
18306792	18306792	59976
18366768	18366768	74088
18440856	18440856	109368
18550224	18550224	50274
18600498	18600498	34839
18635337	18635337	90405
18725742	18725742	56889
18782631	18782631	50274
18832905	18832905	115983
18948888	18948888	104517
19053405	19053405	48510
19101915	19101915	59976
19161891	19161891	84672
19246563	19246563	87318
19333881	19333881	134505
19468386	19468386	82026
19550412	19550412	80703
19631115	19631115	81144
19712259	19712259	130095
19842354	19842354	107163
19949517	19949517	70119
20019636	20019636	38808
20058444	20058444	208593
20267037	20267037	123039
20390076	20390076	26901
20416977	20416977	125244
20542221	20542221	87759
20629980	20629980	60417
20690397	20690397	119952
