   0.1672931   0.0000000   0.0000000   0.0000000   0.0000000   0.0000000   0.0000000   0.0000000   0.0000007   0.0000056   0.0000263
   0.3345861   0.0000000   0.0000000   0.0000000   0.0000000   0.0000000   0.0000000   0.0000007   0.0000075   0.0000392   0.0001310
   0.5018792   0.0000000   0.0000000   0.0000000   0.0000000   0.0000000   0.0000008   0.0000106   0.0000628   0.0002191   0.0005425
   0.6691722   0.0000000   0.0000000   0.0000000   0.0000000   0.0000008   0.0000163   0.0001102   0.0003984   0.0009779   0.0018678
   0.8364653   0.0000000   0.0000000   0.0000000   0.0000008   0.0000278   0.0002183   0.0008044   0.0019157   0.0034894   0.0053443
   1.0037583   0.0000000   0.0000000   0.0000009   0.0000561   0.0005112   0.0018540   0.0041373   0.0069875   0.0099530   0.0127085
   1.1710514   0.0000000   0.0000008   0.0001481   0.0015160   0.0050461   0.0099692   0.0149981   0.0193310   0.0226946   0.0251151
   1.3383445   0.0000006   0.0006314   0.0063096   0.0167352   0.0267431   0.0339439   0.0383203   0.0405643   0.0413671   0.0412496
   1.5056375   0.0070884   0.0413919   0.0663495   0.0754408   0.0760959   0.0731851   0.0690062   0.0645638   0.0602773   0.0563068
   1.6729306   0.3213498   0.2254796   0.1721653   0.1388786   0.1162544   0.0999176   0.0875822   0.0779460   0.0702168   0.0638870
   1.8402236   0.0540124   0.1020686   0.1102363   0.1044042   0.0953577   0.0863812   0.0783465   0.0713837   0.0654079   0.0602845
   2.0075167   0.0000337   0.0038395   0.0174170   0.0320519   0.0419954   0.0472912   0.0494112   0.0496307   0.0487952   0.0474143
   2.1748098   0.0000000   0.0000120   0.0006790   0.0040185   0.0099353   0.0164284   0.0220662   0.0263754   0.0294030   0.0313734
   2.3421028   0.0000000   0.0000000   0.0000068   0.0002180   0.0013487   0.0038749   0.0074360   0.0113265   0.0149868   0.0181226
   2.5093959   0.0000000   0.0000004   0.0000373   0.0002780   0.0008468   0.0018487   0.0034081   0.0054863   0.0078772   0.0103351
   2.6766889   0.0000007   0.0001909   0.0011763   0.0024944   0.0035328   0.0042077   0.0047201   0.0053300   0.0061995   0.0073498
   2.8439820   0.0025729   0.0073459   0.0091664   0.0092817   0.0087913   0.0081461   0.0075344   0.0070769   0.0068731   0.0069793
   3.0112750   0.0351714   0.0234868   0.0176254   0.0141046   0.0117631   0.0101206   0.0089485   0.0081181   0.0075592   0.0072438
   3.1785681   0.0017825   0.0062402   0.0083635   0.0087716   0.0085509   0.0082058   0.0078902   0.0076209   0.0073877   0.0071933
   3.3458612   0.0000003   0.0001392   0.0010447   0.0025756   0.0040990   0.0052809   0.0060702   0.0065328   0.0067573   0.0068236
   3.5131542   0.0000046   0.0003828   0.0015792   0.0029389   0.0041242   0.0050528   0.0057113   0.0061297   0.0063576   0.0064457
   3.6804473   0.0053720   0.0088099   0.0090546   0.0083904   0.0076344   0.0070420   0.0066471   0.0063980   0.0062321   0.0061040
   3.8477403   0.0231368   0.0168587   0.0130437   0.0105865   0.0088957   0.0076880   0.0068255   0.0062229   0.0058099   0.0055265
   4.0150334   0.0003694   0.0026808   0.0046367   0.0054609   0.0056148   0.0054649   0.0052044   0.0049314   0.0046928   0.0045042
   4.1823265   0.0000000   0.0000354   0.0004067   0.0011504   0.0019036   0.0024677   0.0028256   0.0030260   0.0031258   0.0031705
   4.3496195   0.0000000   0.0000000   0.0000088   0.0000990   0.0003465   0.0007059   0.0010833   0.0014163   0.0016829   0.0018866
   4.5169126   0.0000000   0.0000000   0.0000000   0.0000035   0.0000339   0.0001279   0.0002928   0.0005036   0.0007272   0.0009401
   4.6842056   0.0000000   0.0000000   0.0000000   0.0000000   0.0000018   0.0000147   0.0000558   0.0001360   0.0002522   0.0003927
   4.8514987   0.0000000   0.0000000   0.0000000   0.0000000   0.0000001   0.0000011   0.0000076   0.0000288   0.0000736   0.0001463
   5.0187917   0.0000000   0.0000000   0.0000000   0.0000000   0.0000000   0.0000003   0.0000024   0.0000114   0.0000355   0.0000826
   5.1860848   0.0000000   0.0000000   0.0000000   0.0000000   0.0000004   0.0000032   0.0000137   0.0000385   0.0000829   0.0001490
   5.3533779   0.0000000   0.0000000   0.0000000   0.0000008   0.0000073   0.0000299   0.0000794   0.0001585   0.0002607   0.0003758
   5.5206709   0.0000000   0.0000000   0.0000023   0.0000210   0.0000778   0.0001867   0.0003401   0.0005143   0.0006861   0.0008402
   5.6879640   0.0000000   0.0000113   0.0000851   0.0002477   0.0004997   0.0007931   0.0010696   0.0012965   0.0014656   0.0015822
   5.8552570   0.0001467   0.0005263   0.0009587   0.0014949   0.0019646   0.0022824   0.0024583   0.0025305   0.0025347   0.0024974
   6.0225501   0.0030551   0.0037940   0.0045910   0.0047943   0.0046635   0.0044011   0.0041038   0.0038124   0.0035432   0.0033018
   6.1898432   0.0159417   0.0117169   0.0092524   0.0076225   0.0064661   0.0056061   0.0049439   0.0044209   0.0040012   0.0036613
   6.3571362   0.0029004   0.0052746   0.0056893   0.0054594   0.0050661   0.0046558   0.0042765   0.0039446   0.0036631   0.0034286
   6.5244293   0.0000020   0.0002061   0.0009080   0.0016621   0.0021929   0.0025044   0.0026692   0.0027484   0.0027792   0.0027819
   6.6917223   0.0000000   0.0000007   0.0000362   0.0002134   0.0005422   0.0009376   0.0013218   0.0016526   0.0019161   0.0021153
   6.8590154   0.0000000   0.0000001   0.0000114   0.0000918   0.0002902   0.0005862   0.0009217   0.0012462   0.0015320   0.0017727
   7.0263084   0.0000002   0.0000571   0.0003477   0.0007354   0.0010477   0.0012652   0.0014266   0.0015674   0.0017074   0.0018568
   7.1936015   0.0007709   0.0021671   0.0026959   0.0027436   0.0026252   0.0024648   0.0023195   0.0022251   0.0022024   0.0022596
   7.3608946   0.0102369   0.0068816   0.0052511   0.0042808   0.0036317   0.0031882   0.0029082   0.0027718   0.0027675   0.0028832
   7.5281876   0.0010481   0.0023715   0.0029288   0.0029989   0.0029470   0.0029404   0.0030265   0.0032174   0.0035094   0.0038818
   7.6954807   0.0007083   0.0006907   0.0009020   0.0014699   0.0021782   0.0028832   0.0035864   0.0043061   0.0050241   0.0057038
   7.8627737   0.0000122   0.0005236   0.0017529   0.0029105   0.0039229   0.0049814   0.0060940   0.0071549   0.0080715   0.0088022
   8.0300668   0.0063600   0.0086234   0.0084726   0.0085395   0.0093626   0.0105106   0.0115686   0.0123583   0.0128575   0.0131112
   8.1973599   0.0169968   0.0143260   0.0152030   0.0173735   0.0188826   0.0194733   0.0194106   0.0189719   0.0183500   0.0176648
   8.3646529   0.0138640   0.0289174   0.0334843   0.0330816   0.0310188   0.0285863   0.0262450   0.0241517   0.0223510   0.0208394
   8.5319460   0.0932694   0.0646195   0.0493872   0.0403700   0.0345004   0.0303262   0.0271777   0.0247397   0.0228369   0.0213447
   8.6992390   0.0026179   0.0130426   0.0199118   0.0222306   0.0223832   0.0217831   0.0210414   0.0203676   0.0197958   0.0193017
   8.8665321   0.0000003   0.0002218   0.0020039   0.0051443   0.0082944   0.0109296   0.0129950   0.0145378   0.0156263   0.0163379
   9.0338251   0.0000000   0.0000048   0.0002469   0.0015196   0.0039596   0.0068400   0.0095008   0.0116522   0.0132546   0.0143756
   9.2011182   0.0000159   0.0011632   0.0045176   0.0077544   0.0099072   0.0112844   0.0122692   0.0130387   0.0136480   0.0141133
   9.3684113   0.0162755   0.0253248   0.0255531   0.0234516   0.0210651   0.0189466   0.0172562   0.0160136   0.0151600   0.0146023
   9.5357043   0.0617871   0.0458186   0.0356685   0.0290313   0.0244219   0.0210645   0.0185521   0.0166668   0.0152746   0.0142717
   9.7029974   0.0008697   0.0068886   0.0122857   0.0146790   0.0152281   0.0149369   0.0143224   0.0136221   0.0129481   0.0123564
   9.8702904   0.0000000   0.0000861   0.0010518   0.0030958   0.0052850   0.0070224   0.0081951   0.0088938   0.0092524   0.0093952
  10.0375835   0.0000001   0.0000356   0.0003015   0.0009199   0.0019130   0.0031064   0.0042612   0.0052323   0.0059820   0.0065402
  10.2048766   0.0004422   0.0018026   0.0025481   0.0027421   0.0027592   0.0028580   0.0031307   0.0035479   0.0040526   0.0046077
  10.3721696   0.0113108   0.0076144   0.0057303   0.0045916   0.0038342   0.0033263   0.0030536   0.0030457   0.0033160   0.0038370
  10.5394627   0.0010727   0.0026727   0.0031799   0.0031498   0.0029538   0.0027713   0.0027510   0.0030064   0.0035683   0.0043899
  10.7067557   0.0000004   0.0000780   0.0004355   0.0008930   0.0013478   0.0019767   0.0029163   0.0041235   0.0054731   0.0068540
  10.8740488   0.0000000   0.0000002   0.0000379   0.0004594   0.0017637   0.0038489   0.0062169   0.0084670   0.0104208   0.0120476
  11.0413418   0.0000000   0.0000750   0.0013966   0.0049463   0.0092716   0.0130207   0.0158231   0.0177990   0.0191637   0.0200921
  11.2086349   0.0005698   0.0091126   0.0207830   0.0278282   0.0307559   0.0314968   0.0313190   0.0308143   0.0302014   0.0295460
  11.3759280   0.1036202   0.0920370   0.0763383   0.0642166   0.0556663   0.0497625   0.0455600   0.0423811   0.0398190   0.0376516
  11.5432210   0.0698637   0.0773115   0.0701754   0.0633755   0.0582784   0.0541764   0.0506027   0.0473772   0.0444486   0.0418121
  11.7105141   0.0007407   0.0120809   0.0292612   0.0406924   0.0459180   0.0472972   0.0466494   0.0450441   0.0430791   0.0410865
  11.8778071   0.0697287   0.0573496   0.0472427   0.0420779   0.0401218   0.0393460   0.0387422   0.0380404   0.0372730   0.0365324
  12.0451002   0.0345937   0.0418936   0.0389211   0.0346183   0.0313664   0.0295943   0.0290048   0.0291827   0.0297926   0.0306073
  12.2123933   0.0001509   0.0027812   0.0082310   0.0126877   0.0154080   0.0173519   0.0193397   0.0215979   0.0240161   0.0264464
  12.3796863   0.0000000   0.0000215   0.0005382   0.0026307   0.0064115   0.0110302   0.0156414   0.0198421   0.0236082   0.0270877
  12.5469794   0.0000110   0.0004767   0.0028881   0.0077815   0.0136830   0.0191687   0.0237180   0.0275117   0.0309884   0.0344872
  12.7142724   0.0058049   0.0172514   0.0299415   0.0377783   0.0410755   0.0420020   0.0424948   0.0437099   0.0459747   0.0490895
  12.8815655   0.1224044   0.1138323   0.0973390   0.0830201   0.0723944   0.0660382   0.0638151   0.0646911   0.0673435   0.0706803
  13.0488585   0.1111268   0.1049726   0.0917429   0.0815718   0.0781390   0.0805703   0.0857890   0.0913047   0.0958634   0.0990835
  13.2161516   0.0008647   0.0106586   0.0324301   0.0620408   0.0899064   0.1104234   0.1232083   0.1299158   0.1324036   0.1321607
  13.3834447   0.0049300   0.0596759   0.1247537   0.1631651   0.1801567   0.1846887   0.1825320   0.1769847   0.1698857   0.1622482
  13.5507377   0.6249177   0.5125705   0.4133822   0.3423805   0.2919300   0.2554770   0.2283585   0.2074432   0.1907211   0.1769253
  13.7180308   0.2937312   0.3664648   0.3422591   0.3030954   0.2671299   0.2374436   0.2137012   0.1947827   0.1795294   0.1669856
  13.8853238   0.0005119   0.0217733   0.0699873   0.1100281   0.1326396   0.1423643   0.1445485   0.1427920   0.1391649   0.1347612
  14.0526169   0.0000029   0.0004380   0.0050271   0.0190269   0.0387800   0.0576832   0.0724937   0.0828153   0.0894214   0.0932920
  14.2199100   0.0046497   0.0087842   0.0097653   0.0107663   0.0146173   0.0220619   0.0315559   0.0411925   0.0497666   0.0568070
  14.3872030   0.0276817   0.0210415   0.0181933   0.0162575   0.0149679   0.0151065   0.0173254   0.0214373   0.0266952   0.0323069
  14.5544961   0.0180697   0.0175122   0.0168509   0.0156832   0.0144195   0.0134349   0.0131549   0.0139602   0.0159434   0.0188911
  14.7217891   0.0072313   0.0094978   0.0095607   0.0097179   0.0100033   0.0101951   0.0102937   0.0105082   0.0111184   0.0123110
  14.8890822   0.0000185   0.0009021   0.0030515   0.0050044   0.0063675   0.0072610   0.0078173   0.0081678   0.0084830   0.0089547
  15.0563752   0.0050917   0.0067816   0.0065712   0.0062486   0.0061594   0.0062346   0.0063835   0.0065484   0.0067158   0.0069251
  15.2236683   0.0129654   0.0103168   0.0083449   0.0070189   0.0061521   0.0056441   0.0053995   0.0053274   0.0053567   0.0054484
  15.3909614   0.0007701   0.0021673   0.0033918   0.0039668   0.0041398   0.0041493   0.0041257   0.0041249   0.0041615   0.0042324
  15.5582544   0.0017118   0.0013695   0.0013560   0.0017317   0.0022001   0.0025736   0.0028233   0.0029846   0.0031002   0.0032000
  15.7255475   0.0001219   0.0007584   0.0012647   0.0015115   0.0016789   0.0018456   0.0020061   0.0021453   0.0022620   0.0023660
  15.8928405   0.0044386   0.0030947   0.0023820   0.0019816   0.0017481   0.0016251   0.0015856   0.0016032   0.0016565   0.0017387
  16.0601336   0.0006947   0.0013564   0.0014823   0.0014174   0.0013179   0.0012335   0.0011815   0.0011703   0.0012100   0.0013253
  16.2274267   0.0000004   0.0000494   0.0002300   0.0004285   0.0005682   0.0006540   0.0007145   0.0007914   0.0009524   0.0012866
  16.3947197   0.0000000   0.0000001   0.0000090   0.0000562   0.0001479   0.0002647   0.0004224   0.0007131   0.0012789   0.0022414
  16.5620128   0.0000000   0.0000004   0.0000117   0.0000523   0.0001285   0.0003041   0.0007703   0.0017624   0.0034185   0.0057265
  16.7293058   0.0000024   0.0000736   0.0002122   0.0003331   0.0005941   0.0014621   0.0033565   0.0063488   0.0102127   0.0145935
  16.8965989   0.0009559   0.0010608   0.0009874   0.0014215   0.0034893   0.0076268   0.0133390   0.0198318   0.0264038   0.0325635
  17.0638919   0.0014348   0.0013964   0.0032861   0.0098765   0.0198044   0.0305919   0.0407167   0.0494515   0.0565402   0.0620034
  17.2311850   0.0010490   0.0141568   0.0382351   0.0591904   0.0746606   0.0856415   0.0930191   0.0975076   0.0997643   0.1003726
  17.3984781   0.1680927   0.1842104   0.1801413   0.1755841   0.1711161   0.1657301   0.1593694   0.1524202   0.1452874   0.1382656
  17.5657711   0.3284629   0.3219841   0.2991873   0.2739138   0.2492097   0.2267764   0.2070752   0.1899923   0.1752245   0.1624362
  17.7330642   0.3316208   0.3138369   0.2903866   0.2678902   0.2457966   0.2251223   0.2065163   0.1901194   0.1757944   0.1632986
  17.9003572   0.1270334   0.1630957   0.1685842   0.1689686   0.1676439   0.1645042   0.1597782   0.1540103   0.1477225   0.1412959
  18.0676503   0.0311660   0.0327999   0.0485309   0.0655646   0.0795557   0.0902519   0.0978879   0.1028204   0.1055220   0.1064961
  18.2349434   0.0057231   0.0112801   0.0156626   0.0223950   0.0315906   0.0416251   0.0512102   0.0596085   0.0664923   0.0718163
  18.4022364   0.0142632   0.0157334   0.0159813   0.0170149   0.0193493   0.0232523   0.0284203   0.0342676   0.0402168   0.0458251
  18.5695295   0.0224474   0.0215627   0.0211145   0.0204423   0.0199640   0.0201269   0.0212818   0.0235066   0.0266193   0.0303049
  18.7368225   0.0295288   0.0244718   0.0227294   0.0215580   0.0205247   0.0197611   0.0194563   0.0197867   0.0208431   0.0225914
  18.9041156   0.0145372   0.0182670   0.0185088   0.0182330   0.0181063   0.0180402   0.0180124   0.0181122   0.0184671   0.0191837
  19.0714086   0.0123959   0.0112827   0.0127388   0.0143450   0.0154433   0.0161785   0.0166969   0.0170736   0.0173902   0.0177652
  19.2387017   0.0133108   0.0151135   0.0153095   0.0152557   0.0155553   0.0160361   0.0164824   0.0168099   0.0170512   0.0173203
  19.4059948   0.0232028   0.0187172   0.0173705   0.0172863   0.0173680   0.0173500   0.0172473   0.0171615   0.0172361   0.0176041
  19.5732878   0.0085960   0.0161486   0.0192348   0.0197357   0.0191937   0.0183743   0.0177127   0.0175262   0.0179920   0.0191124
  19.7405809   0.0402679   0.0296053   0.0235072   0.0200877   0.0180823   0.0170934   0.0172286   0.0185333   0.0207888   0.0236284
  19.9078739   0.0034885   0.0079999   0.0105772   0.0115707   0.0127355   0.0153531   0.0194914   0.0244719   0.0295533   0.0342375
  20.0751670   0.0003814   0.0007093   0.0022280   0.0070545   0.0154962   0.0255067   0.0350055   0.0429184   0.0489990   0.0534206
  20.2424600   0.0000518   0.0030592   0.0170432   0.0366367   0.0538097   0.0659210   0.0733847   0.0774328   0.0792108   0.0795581
  20.4097531   0.0404092   0.1030305   0.1329106   0.1409299   0.1385855   0.1322041   0.1247717   0.1175423   0.1109534   0.1050898
  20.5770462   0.4858060   0.3650566   0.2888758   0.2377205   0.2017767   0.1756398   0.1560999   0.1411098   0.1293135   0.1197993
  20.7443392   0.1453406   0.1787710   0.1863775   0.1790133   0.1671705   0.1550640   0.1439528   0.1340904   0.1254244   0.1178207
  20.9116323   0.0054512   0.0194748   0.0454355   0.0709392   0.0889849   0.0993408   0.1040703   0.1051857   0.1041373   0.1018744
  21.0789253   0.0260201   0.0315266   0.0361831   0.0427923   0.0519204   0.0613384   0.0692008   0.0748711   0.0784756   0.0804260
  21.2462184   0.0883235   0.0706187   0.0592563   0.0523607   0.0491248   0.0491256   0.0513718   0.0546644   0.0580890   0.0611355
  21.4135115   0.0308995   0.0430697   0.0470178   0.0465216   0.0445020   0.0427390   0.0421577   0.0429312   0.0447600   0.0471985
  21.5808045   0.0426195   0.0344883   0.0320136   0.0321621   0.0329026   0.0335328   0.0341352   0.0350522   0.0365162   0.0385427
  21.7480976   0.0090536   0.0145253   0.0180837   0.0210131   0.0236460   0.0260579   0.0282533   0.0303084   0.0323709   0.0345769
  21.9153906   0.0086223   0.0158442   0.0188665   0.0209585   0.0231055   0.0254893   0.0280101   0.0305178   0.0329431   0.0353045
  22.0826837   0.0447037   0.0335101   0.0299519   0.0297002   0.0308904   0.0326625   0.0346400   0.0366869   0.0387326   0.0407373
  22.2499767   0.0223240   0.0338259   0.0398076   0.0430800   0.0447910   0.0458562   0.0468184   0.0478518   0.0489622   0.0501276
  22.4172698   0.0684789   0.0681721   0.0662858   0.0639916   0.0625990   0.0619770   0.0617423   0.0616722   0.0617189   0.0619251
  22.5845629   0.1153310   0.0880275   0.0807060   0.0786021   0.0778647   0.0772199   0.0763940   0.0755138   0.0747975   0.0744149
  22.7518559   0.0511848   0.0719884   0.0850249   0.0901287   0.0909872   0.0900232   0.0886039   0.0874227   0.0867649   0.0866863
  22.9191490   0.1474659   0.1301916   0.1151031   0.1063025   0.1011909   0.0984096   0.0972709   0.0973146   0.0981700   0.0995253
  23.0864420   0.0803277   0.0995792   0.1007742   0.0998559   0.1002914   0.1023084   0.1053496   0.1088287   0.1123018   0.1154830
  23.2537351   0.0625080   0.0677125   0.0807900   0.0942333   0.1057034   0.1151049   0.1227711   0.1289189   0.1336945   0.1372507
  23.4210282   0.1281996   0.1217820   0.1293801   0.1376807   0.1457314   0.1526779   0.1579611   0.1615513   0.1636897   0.1646890
  23.5883212   0.2392095   0.2279397   0.2196774   0.2152648   0.2115186   0.2078135   0.2040762   0.2003084   0.1965641   0.1929112
  23.7556143   0.2386362   0.2894276   0.2884235   0.2772392   0.2641714   0.2514625   0.2399497   0.2299172   0.2213248   0.2139943
  23.9229073   0.3455197   0.3216312   0.2997843   0.2844815   0.2709895   0.2585762   0.2474394   0.2376581   0.2291677   0.2218775
  24.0902004   0.2076588   0.2275851   0.2350446   0.2349586   0.2329126   0.2303744   0.2273511   0.2238643   0.2201826   0.2166871
  24.2574934   0.1973632   0.1698343   0.1688722   0.1770316   0.1861281   0.1932389   0.1980410   0.2011200   0.2032589   0.2051051
  24.4247865   0.0863435   0.1215113   0.1453858   0.1583144   0.1662795   0.1723913   0.1780491   0.1839805   0.1904272   0.1972854
  24.5920796   0.2472770   0.2112586   0.1865325   0.1738321   0.1686346   0.1689222   0.1738303   0.1821541   0.1924634   0.2035084
  24.7593726   0.1351907   0.1562625   0.1633752   0.1647128   0.1686300   0.1776719   0.1903284   0.2044813   0.2186225   0.2318608
  24.9266657   0.1427953   0.1357046   0.1441788   0.1686082   0.1976864   0.2237809   0.2449304   0.2616040   0.2747095   0.2849875
  25.0939587   0.1126549   0.1802196   0.2494852   0.2956866   0.3228348   0.3386072   0.3477796   0.3528428   0.3551405   0.3554924
  25.2612518   0.7128698   0.6537644   0.5901897   0.5425610   0.5091357   0.4851959   0.4667604   0.4512974   0.4374757   0.4246963
  25.4285449   0.7425610   0.7340794   0.6887351   0.6444036   0.6060136   0.5722641   0.5421818   0.5152568   0.4911110   0.4694026
  25.5958379   0.4862908   0.5129475   0.5624403   0.5834720   0.5804674   0.5642069   0.5422233   0.5186387   0.4954531   0.4735450
  25.7631310   0.7238830   0.6005236   0.5460599   0.5178674   0.5022357   0.4903819   0.4782740   0.4649215   0.4505972   0.4358817
  25.9304240   0.3339356   0.3805587   0.3878029   0.3848816   0.3817690   0.3801330   0.3788974   0.3768558   0.3734728   0.3687530
  26.0977171   0.1367365   0.1806851   0.2128250   0.2377569   0.2548644   0.2663934   0.2748686   0.2815736   0.2868289   0.2906141
  26.2650101   0.2224228   0.1773629   0.1653902   0.1654099   0.1713700   0.1802499   0.1901525   0.2001010   0.2095372   0.2180581
  26.4323032   0.1031971   0.1178463   0.1177397   0.1161805   0.1184355   0.1243961   0.1327128   0.1421056   0.1517188   0.1610443
  26.5995963   0.0403709   0.0458198   0.0602155   0.0740843   0.0847134   0.0930715   0.1004366   0.1075543   0.1147203   0.1219986
  26.7668893   0.0634070   0.0697579   0.0738062   0.0777488   0.0815540   0.0847645   0.0875355   0.0903519   0.0936471   0.0976619
  26.9341824   0.1255287   0.1174607   0.1072583   0.0976653   0.0902054   0.0851204   0.0820655   0.0807044   0.0808614   0.0824217
  27.1014754   0.1142656   0.0998637   0.0916496   0.0850643   0.0793219   0.0747580   0.0717459   0.0703961   0.0705784   0.0720503
  27.2687685   0.0181293   0.0345317   0.0429195   0.0479071   0.0512303   0.0538939   0.0565678   0.0595181   0.0627289   0.0660906
  27.4360616   0.0167039   0.0167293   0.0193147   0.0250305   0.0326771   0.0410934   0.0491927   0.0563005   0.0622006   0.0669741
  27.6033546   0.0143869   0.0175667   0.0242429   0.0335130   0.0440155   0.0538501   0.0620162   0.0682937   0.0728798   0.0761287
  27.7706477   0.0563434   0.0607358   0.0757595   0.0861311   0.0913133   0.0931665   0.0932510   0.0925284   0.0914960   0.0903897
  27.9379407   0.2176780   0.2016783   0.1805689   0.1623440   0.1466596   0.1335316   0.1228608   0.1143634   0.1076818   0.1024687
  28.1052338   0.1929228   0.2127764   0.1933438   0.1717087   0.1536729   0.1393272   0.1279117   0.1187843   0.1115018   0.1057548
  28.2725268   0.0809939   0.0864843   0.0954619   0.1036507   0.1075954   0.1081206   0.1066679   0.1043037   0.1017143   0.0993359
  28.4398199   0.0057991   0.0230577   0.0405646   0.0541407   0.0650131   0.0733506   0.0793421   0.0835008   0.0864414   0.0887481
  28.6071130   0.0951562   0.0662268   0.0540813   0.0513799   0.0537313   0.0585609   0.0644217   0.0704989   0.0764918   0.0824856
  28.7744060   0.0216680   0.0431703   0.0538750   0.0570095   0.0586628   0.0615173   0.0660603   0.0721431   0.0796345   0.0885231
  28.9416991   0.1016632   0.0770076   0.0682937   0.0687405   0.0725271   0.0772959   0.0831924   0.0910174   0.1013396   0.1142878
  29.1089921   0.0425266   0.0664246   0.0856608   0.0959348   0.1027598   0.1100844   0.1199125   0.1331039   0.1497310   0.1693432
  29.2762852   0.1948299   0.1692113   0.1540693   0.1513670   0.1575403   0.1708425   0.1899336   0.2132818   0.2393920   0.2669937
  29.4435783   0.1405557   0.1883070   0.2077277   0.2285565   0.2552470   0.2868761   0.3209711   0.3554849   0.3890701   0.4208816
  29.6108713   0.2755407   0.3165717   0.3638686   0.4139519   0.4629920   0.5071977   0.5461940   0.5803981   0.6100973   0.6356352
  29.7781644   0.7934155   0.7361507   0.7730946   0.8068685   0.8313570   0.8512918   0.8678172   0.8806573   0.8899779   0.8965185
  29.9454574   1.4581150   1.4269001   1.3543320   1.3042701   1.2726768   1.2489208   1.2270976   1.2058797   1.1858535   1.1676930
  30.1127505   1.4678902   1.6619097   1.6807821   1.6652048   1.6278560   1.5789179   1.5280961   1.4812404   1.4403977   1.4052010
  30.2800435   1.8998089   1.9555508   1.9330930   1.8777800   1.8123086   1.7505000   1.6974825   1.6528798   1.6140813   1.5783538
  30.4473366   2.4024926   2.0703859   1.9047284   1.8151853   1.7714960   1.7519226   1.7403233   1.7270868   1.7079015   1.6817946
  30.6146297   1.0348057   1.2410798   1.4212302   1.5557523   1.6530921   1.7168424   1.7506914   1.7595781   1.7490156   1.7242020
  30.7819227   1.4107107   1.4969236   1.6203041   1.7211886   1.7824251   1.8058413   1.8012683   1.7782871   1.7438272   1.7024453
  30.9492158   2.7778621   2.5339329   2.3399709   2.1646076   2.0164528   1.8966011   1.7996253   1.7194500   1.6512947   1.5917040
  31.1165088   2.5402197   2.3755458   2.1692056   1.9732799   1.8078982   1.6746255   1.5697650   1.4877004   1.4227987   1.3703340
  31.2838019   0.8091416   0.8951736   1.0026808   1.0736784   1.1056229   1.1111322   1.1023953   1.0877302   1.0717576   1.0565382
  31.4510950   0.0121311   0.0906538   0.2025900   0.3231464   0.4348616   0.5268783   0.5971704   0.6488232   0.6864027   0.7140298
  31.6183880   0.0000008   0.0011464   0.0142387   0.0498655   0.1061167   0.1741412   0.2442472   0.3097245   0.3674671   0.4169088
  31.7856811   0.0000000   0.0000013   0.0002885   0.0036405   0.0155320   0.0394149   0.0744895   0.1170469   0.1628037   0.2083871
  31.9529741   0.0000000   0.0000000   0.0000015   0.0001182   0.0013214   0.0060144   0.0167834   0.0347745   0.0593245   0.0886501
  32.1202672   0.0000000   0.0000000   0.0000000   0.0000016   0.0000637   0.0006101   0.0027717   0.0080800   0.0177055   0.0319744
  32.2875602   0.0000000   0.0000000   0.0000000   0.0000000   0.0000017   0.0000406   0.0003331   0.0014619   0.0043143   0.0097514
  32.4548533   0.0000000   0.0000000   0.0000000   0.0000000   0.0000000   0.0000018   0.0000290   0.0002051   0.0008560   0.0025095
  32.6221464   0.0000000   0.0000000   0.0000000   0.0000000   0.0000000   0.0000000   0.0000018   0.0000223   0.0001380   0.0005440
  32.7894394   0.0000000   0.0000000   0.0000000   0.0000000   0.0000000   0.0000000   0.0000001   0.0000019   0.0000180   0.0000992
  32.9567325   0.0000000   0.0000000   0.0000000   0.0000000   0.0000000   0.0000000   0.0000000   0.0000001   0.0000019   0.0000152
  33.1240255   0.0000000   0.0000000   0.0000000   0.0000000   0.0000000   0.0000000   0.0000000   0.0000000   0.0000002   0.0000020
  33.2913186   0.0000000   0.0000000   0.0000000   0.0000000   0.0000000   0.0000000   0.0000000   0.0000000   0.0000000   0.0000002
  33.4586117   0.0000000   0.0000000   0.0000000   0.0000000   0.0000000   0.0000000   0.0000000   0.0000000   0.0000000   0.0000000
  33.6259047   0.0000000   0.0000000   0.0000000   0.0000000   0.0000000   0.0000000   0.0000000   0.0000000   0.0000000   0.0000000
  33.7931978   0.0000000   0.0000000   0.0000000   0.0000000   0.0000000   0.0000000   0.0000000   0.0000000   0.0000000   0.0000000
  33.9604908   0.0000000   0.0000000   0.0000000   0.0000000   0.0000000   0.0000000   0.0000000   0.0000000   0.0000000   0.0000000
  34.1277839   0.0000000   0.0000000   0.0000000   0.0000000   0.0000000   0.0000000   0.0000000   0.0000000   0.0000000   0.0000000
  34.2950769   0.0000000   0.0000000   0.0000000   0.0000000   0.0000000   0.0000000   0.0000000   0.0000000   0.0000000   0.0000000
  34.4623700   0.0000000   0.0000000   0.0000000   0.0000000   0.0000000   0.0000000   0.0000000   0.0000000   0.0000000   0.0000000
  34.6296631   0.0000000   0.0000000   0.0000000   0.0000000   0.0000000   0.0000000   0.0000000   0.0000000   0.0000000   0.0000000
  34.7969561   0.0000000   0.0000000   0.0000000   0.0000000   0.0000000   0.0000000   0.0000000   0.0000000   0.0000000   0.0000000
  34.9642492   0.0000000   0.0000000   0.0000000   0.0000000   0.0000000   0.0000000   0.0000000   0.0000000   0.0000000   0.0000000
  35.1315422   0.0000000   0.0000000   0.0000000   0.0000000   0.0000000   0.0000000   0.0000000   0.0000000   0.0000000   0.0000000
  35.2988353   0.0000000   0.0000000   0.0000000   0.0000000   0.0000000   0.0000000   0.0000000   0.0000000   0.0000000   0.0000000
  35.4661284   0.0000000   0.0000000   0.0000000   0.0000000   0.0000000   0.0000000   0.0000000   0.0000000   0.0000000   0.0000000
  35.6334214   0.0000000   0.0000000   0.0000000   0.0000000   0.0000000   0.0000000   0.0000000   0.0000000   0.0000000   0.0000000
  35.8007145   0.0000000   0.0000000   0.0000000   0.0000000   0.0000000   0.0000000   0.0000000   0.0000000   0.0000000   0.0000000
  35.9680075   0.0000000   0.0000000   0.0000000   0.0000000   0.0000000   0.0000000   0.0000000   0.0000000   0.0000000   0.0000000
  36.1353006   0.0000000   0.0000000   0.0000000   0.0000000   0.0000000   0.0000000   0.0000000   0.0000000   0.0000000   0.0000000
  36.3025936   0.0000000   0.0000000   0.0000000   0.0000000   0.0000000   0.0000000   0.0000000   0.0000000   0.0000000   0.0000000
  36.4698867   0.0000000   0.0000000   0.0000000   0.0000000   0.0000000   0.0000000   0.0000000   0.0000000   0.0000000   0.0000000
  36.6371798   0.0000000   0.0000000   0.0000000   0.0000000   0.0000000   0.0000000   0.0000000   0.0000000   0.0000000   0.0000000
  36.8044728   0.0000000   0.0000000   0.0000000   0.0000000   0.0000000   0.0000000   0.0000000   0.0000000   0.0000000   0.0000000
  36.9717659   0.0000000   0.0000000   0.0000000   0.0000000   0.0000000   0.0000000   0.0000000   0.0000000   0.0000000   0.0000000
  37.1390589   0.0000000   0.0000000   0.0000000   0.0000000   0.0000000   0.0000000   0.0000000   0.0000000   0.0000000   0.0000000
  37.3063520   0.0000000   0.0000000   0.0000000   0.0000000   0.0000000   0.0000000   0.0000000   0.0000000   0.0000000   0.0000000
  37.4736451   0.0000000   0.0000000   0.0000000   0.0000000   0.0000000   0.0000000   0.0000000   0.0000000   0.0000000   0.0000000
  37.6409381   0.0000000   0.0000000   0.0000000   0.0000000   0.0000000   0.0000000   0.0000000   0.0000000   0.0000000   0.0000000
  37.8082312   0.0000000   0.0000000   0.0000000   0.0000000   0.0000000   0.0000000   0.0000000   0.0000000   0.0000000   0.0000000
  37.9755242   0.0000000   0.0000000   0.0000000   0.0000000   0.0000000   0.0000000   0.0000000   0.0000000   0.0000000   0.0000000
  38.1428173   0.0000000   0.0000000   0.0000000   0.0000000   0.0000000   0.0000000   0.0000000   0.0000000   0.0000000   0.0000000
  38.3101103   0.0000000   0.0000000   0.0000000   0.0000000   0.0000000   0.0000000   0.0000000   0.0000000   0.0000000   0.0000000
  38.4774034   0.0000000   0.0000000   0.0000000   0.0000000   0.0000000   0.0000000   0.0000000   0.0000000   0.0000000   0.0000000
  38.6446965   0.0000000   0.0000000   0.0000000   0.0000000   0.0000000   0.0000000   0.0000000   0.0000000   0.0000000   0.0000000
  38.8119895   0.0000000   0.0000000   0.0000000   0.0000000   0.0000000   0.0000000   0.0000000   0.0000000   0.0000000   0.0000000
  38.9792826   0.0000000   0.0000000   0.0000000   0.0000000   0.0000000   0.0000000   0.0000000   0.0000000   0.0000000   0.0000000
  39.1465756   0.0000000   0.0000000   0.0000000   0.0000000   0.0000000   0.0000000   0.0000000   0.0000000   0.0000000   0.0000000
  39.3138687   0.0000000   0.0000000   0.0000000   0.0000000   0.0000000   0.0000000   0.0000000   0.0000000   0.0000000   0.0000000
  39.4811617   0.0000000   0.0000000   0.0000000   0.0000000   0.0000000   0.0000000   0.0000000   0.0000000   0.0000000   0.0000000
  39.6484548   0.0000000   0.0000000   0.0000000   0.0000000   0.0000000   0.0000000   0.0000000   0.0000000   0.0000000   0.0000000
  39.8157479   0.0000000   0.0000000   0.0000000   0.0000000   0.0000000   0.0000000   0.0000000   0.0000000   0.0000000   0.0000000
  39.9830409   0.0000000   0.0000000   0.0000000   0.0000000   0.0000000   0.0000000   0.0000000   0.0000000   0.0000000   0.0000000
  40.1503340   0.0000000   0.0000000   0.0000000   0.0000000   0.0000000   0.0000000   0.0000000   0.0000000   0.0000000   0.0000000
  40.3176270   0.0000000   0.0000000   0.0000000   0.0000000   0.0000000   0.0000000   0.0000000   0.0000000   0.0000000   0.0000000
  40.4849201   0.0000000   0.0000000   0.0000000   0.0000000   0.0000000   0.0000000   0.0000000   0.0000000   0.0000000   0.0000000
  40.6522132   0.0000000   0.0000000   0.0000000   0.0000000   0.0000000   0.0000000   0.0000000   0.0000000   0.0000000   0.0000000
  40.8195062   0.0000000   0.0000000   0.0000000   0.0000000   0.0000000   0.0000000   0.0000000   0.0000000   0.0000000   0.0000000
  40.9867993   0.0000000   0.0000000   0.0000000   0.0000000   0.0000000   0.0000000   0.0000000   0.0000000   0.0000000   0.0000000
  41.1540923   0.0000000   0.0000000   0.0000000   0.0000000   0.0000000   0.0000000   0.0000000   0.0000000   0.0000000   0.0000000
  41.3213854   0.0000000   0.0000000   0.0000000   0.0000000   0.0000000   0.0000000   0.0000000   0.0000000   0.0000000   0.0000000
  41.4886784   0.0000000   0.0000000   0.0000000   0.0000000   0.0000000   0.0000000   0.0000000   0.0000000   0.0000000   0.0000000
  41.6559715   0.0000000   0.0000000   0.0000000   0.0000000   0.0000000   0.0000000   0.0000000   0.0000000   0.0000000   0.0000000
  41.8232646   0.0000000   0.0000000   0.0000000   0.0000000   0.0000000   0.0000000   0.0000000   0.0000000   0.0000000   0.0000000
  41.9905576   0.0000000   0.0000000   0.0000000   0.0000000   0.0000000   0.0000000   0.0000000   0.0000000   0.0000000   0.0000000
  42.1578507   0.0000000   0.0000000   0.0000000   0.0000000   0.0000000   0.0000000   0.0000000   0.0000000   0.0000000   0.0000003
  42.3251437   0.0000000   0.0000000   0.0000000   0.0000000   0.0000000   0.0000000   0.0000000   0.0000000   0.0000004   0.0000025
  42.4924368   0.0000000   0.0000000   0.0000000   0.0000000   0.0000000   0.0000000   0.0000000   0.0000004   0.0000031   0.0000151
  42.6597299   0.0000000   0.0000000   0.0000000   0.0000000   0.0000000   0.0000000   0.0000004   0.0000041   0.0000220   0.0000786
  42.8270229   0.0000000   0.0000000   0.0000000   0.0000000   0.0000000   0.0000005   0.0000059   0.0000344   0.0001272   0.0003454
  42.9943160   0.0000000   0.0000000   0.0000000   0.0000000   0.0000005   0.0000092   0.0000596   0.0002244   0.0006021   0.0012896
  43.1616090   0.0000000   0.0000000   0.0000000   0.0000007   0.0000165   0.0001176   0.0004410   0.0011434   0.0023457   0.0041085
  43.3289021   0.0000000   0.0000000   0.0000009   0.0000363   0.0002773   0.0009925   0.0024001   0.0045987   0.0075684   0.0112302
  43.4961951   0.0000000   0.0000014   0.0001099   0.0008347   0.0026381   0.0056407   0.0097557   0.0147513   0.0203912   0.0265360
  43.6634882   0.0000029   0.0005698   0.0034972   0.0084777   0.0148500   0.0222510   0.0301609   0.0382258   0.0463993   0.0547658
  43.8307813   0.0077106   0.0213812   0.0317585   0.0420649   0.0528674   0.0630740   0.0724431   0.0814720   0.0906396   0.1000797
  43.9980743   0.1109171   0.1038067   0.1115065   0.1210504   0.1277942   0.1332092   0.1392973   0.1468142   0.1554655   0.1645576
  44.1653674   0.2154395   0.2455509   0.2410595   0.2291959   0.2217717   0.2210939   0.2255667   0.2326226   0.2402138   0.2471477
  44.3326604   0.4102450   0.3356428   0.3073663   0.3022178   0.3091888   0.3201431   0.3300802   0.3370590   0.3409052   0.3421261
  44.4999535   0.2023318   0.2764512   0.3470386   0.4017800   0.4355718   0.4517481   0.4559622   0.4529446   0.4458786   0.4366844
  44.6672466   0.5905632   0.6578294   0.6681465   0.6528029   0.6287690   0.6027668   0.5774371   0.5536907   0.5316603   0.5111827
  44.8345396   1.3087578   1.0651183   0.9104183   0.8046103   0.7294773   0.6746784   0.6330488   0.5996742   0.5714327   0.5464871
  45.0018327   0.4432241   0.5615428   0.6176456   0.6313084   0.6254134   0.6111278   0.5933237   0.5741241   0.5545222   0.5350564
  45.1691257   0.3628335   0.3591682   0.3927560   0.4380480   0.4736069   0.4941103   0.5019074   0.5009550   0.4945984   0.4851555
  45.3364188   0.3639929   0.3968188   0.4030651   0.4022713   0.4042365   0.4086347   0.4128091   0.4152028   0.4154598   0.4138182
  45.5037118   0.5212474   0.4544894   0.4061365   0.3728222   0.3501381   0.3370746   0.3317904   0.3315602   0.3338930   0.3370569
  45.6710049   0.1776383   0.2274194   0.2404053   0.2432601   0.2437330   0.2447145   0.2475413   0.2525061   0.2591306   0.2666045
  45.8382980   0.0429373   0.0621971   0.0879940   0.1154225   0.1396943   0.1594585   0.1753434   0.1886561   0.2004933   0.2114351
  46.0055910   0.0702185   0.0648551   0.0752433   0.0915153   0.1087725   0.1254291   0.1407259   0.1543625   0.1664290   0.1772121
  46.1728841   0.1088012   0.1436876   0.1450884   0.1399102   0.1377978   0.1397290   0.1444194   0.1504428   0.1568473   0.1631944
  46.3401771   0.2721385   0.2093049   0.1860675   0.1769560   0.1714207   0.1671462   0.1639832   0.1620491   0.1613225   0.1616817
  46.5074702   0.0944656   0.1567097   0.1827421   0.1903820   0.1891647   0.1839409   0.1773761   0.1710635   0.1658853   0.1622014
  46.6747633   0.2711588   0.2438926   0.2177744   0.2010287   0.1896949   0.1806752   0.1729769   0.1664830   0.1612761   0.1574126
  46.8420563   0.1959134   0.1717233   0.1685548   0.1631865   0.1572706   0.1528302   0.1500078   0.1482902   0.1472419   0.1466792
  47.0093494   0.0909834   0.0854538   0.0917403   0.0997173   0.1078500   0.1153149   0.1217704   0.1271702   0.1316545   0.1354400
  47.1766424   0.0222674   0.0416488   0.0552788   0.0705449   0.0855878   0.0984843   0.1089534   0.1175347   0.1247950   0.1310773
  47.3439355   0.0601764   0.0808061   0.0961549   0.1053865   0.1108835   0.1154917   0.1206001   0.1263419   0.1323474   0.1381852
  47.5112285   0.2510591   0.2120602   0.1838155   0.1637137   0.1522732   0.1477024   0.1475189   0.1497309   0.1529773   0.1564024
  47.6785216   0.1818806   0.1711433   0.1681456   0.1702041   0.1739285   0.1771152   0.1793290   0.1806493   0.1812174   0.1811727
  47.8458147   0.0680177   0.1140164   0.1633964   0.1926407   0.2075844   0.2140433   0.2153257   0.2134354   0.2097361   0.2051723
  48.0131077   0.4528216   0.3573823   0.3072489   0.2822173   0.2681979   0.2577046   0.2478865   0.2381213   0.2285738   0.2195488
  48.1804008   0.2456619   0.3174914   0.3259156   0.3114238   0.2909028   0.2710673   0.2538324   0.2393170   0.2271221   0.2167833
  48.3476938   0.3215718   0.2941225   0.2694196   0.2544690   0.2414806   0.2292444   0.2184449   0.2093728   0.2018075   0.1953619
  48.5149869   0.0960494   0.1310352   0.1394264   0.1431867   0.1477793   0.1528688   0.1571615   0.1600919   0.1616794   0.1621519
  48.6822800   0.0001529   0.0072124   0.0267813   0.0505331   0.0724893   0.0906634   0.1048867   0.1155585   0.1232732   0.1286556
  48.8495730   0.0009089   0.0148973   0.0353333   0.0516890   0.0644859   0.0750358   0.0840076   0.0916668   0.0981085   0.1034117
  49.0168661   0.1699928   0.1520173   0.1265862   0.1074854   0.0950851   0.0880516   0.0848706   0.0842856   0.0853543   0.0873794
  49.1841591   0.1179002   0.1305013   0.1202847   0.1084258   0.0977719   0.0890546   0.0826623   0.0786064   0.0765838   0.0761407
  49.3514522   0.0186494   0.0368508   0.0536603   0.0638822   0.0679643   0.0686052   0.0678039   0.0667111   0.0659112   0.0656398
  49.5187452   0.0648338   0.0486557   0.0397045   0.0384178   0.0417258   0.0461381   0.0498909   0.0525381   0.0542462   0.0553616
  49.6860383   0.0008892   0.0088630   0.0188771   0.0260786   0.0314439   0.0360397   0.0399673   0.0430695   0.0453237   0.0468708
  49.8533314   0.0241827   0.0319108   0.0343352   0.0364741   0.0378764   0.0386081   0.0391208   0.0396556   0.0402209   0.0407560
  50.0206244   0.0691870   0.0687655   0.0609451   0.0531843   0.0471408   0.0427664   0.0396881   0.0376171   0.0363320   0.0356335
  50.1879175   0.0667262   0.0532778   0.0477963   0.0436910   0.0399179   0.0366354   0.0339796   0.0319671   0.0305655   0.0297133
  50.3552105   0.0011057   0.0078374   0.0141240   0.0182030   0.0206231   0.0218461   0.0223367   0.0224903   0.0225731   0.0227335
  50.5225036   0.0000001   0.0001049   0.0011964   0.0035161   0.0062712   0.0089132   0.0112327   0.0131971   0.0148490   0.0162565
  50.6897967   0.0000000   0.0000001   0.0000316   0.0003884   0.0015045   0.0033934   0.0057201   0.0081211   0.0103629   0.0123477
  50.8570897   0.0000000   0.0000176   0.0003601   0.0014293   0.0030477   0.0048974   0.0067984   0.0086625   0.0104291   0.0120512
  51.0243828   0.0001279   0.0023024   0.0059763   0.0090858   0.0111001   0.0122676   0.0129994   0.0135894   0.0141729   0.0147801
  51.1916758   0.0267207   0.0284477   0.0276037   0.0256703   0.0236775   0.0220579   0.0208347   0.0199188   0.0192373   0.0187440
  51.3589689   0.0575513   0.0477417   0.0392835   0.0337051   0.0302109   0.0278277   0.0259884   0.0244428   0.0231000   0.0219342
  51.5262619   0.0069478   0.0156944   0.0226295   0.0265211   0.0278436   0.0276734   0.0267743   0.0255708   0.0242810   0.0230175
  51.6935550   0.0215585   0.0261701   0.0260177   0.0257339   0.0254844   0.0250560   0.0244016   0.0235726   0.0226414   0.0216710
  51.8608481   0.0401874   0.0340434   0.0279802   0.0240119   0.0217693   0.0205705   0.0198724   0.0193578   0.0188778   0.0183784
  52.0281411   0.0010955   0.0049412   0.0096786   0.0123110   0.0133689   0.0137365   0.0138873   0.0139799   0.0140366   0.0140452
  52.1954342   0.0068715   0.0053492   0.0048170   0.0054249   0.0064692   0.0074261   0.0081779   0.0087689   0.0092520   0.0096537
  52.3627272   0.0021397   0.0031113   0.0030886   0.0029628   0.0031176   0.0035694   0.0041687   0.0047967   0.0054020   0.0059694
  52.5300203   0.0000025   0.0001540   0.0005655   0.0009506   0.0012337   0.0015152   0.0018750   0.0023209   0.0028274   0.0033668
  52.6973134   0.0000000   0.0000006   0.0000257   0.0001307   0.0003013   0.0005012   0.0007398   0.0010444   0.0014238   0.0018665
  52.8646064   0.0000000   0.0000000   0.0000003   0.0000096   0.0000600   0.0001815   0.0003778   0.0006393   0.0009559   0.0013180
  53.0318995   0.0000000   0.0000000   0.0000061   0.0000580   0.0001968   0.0004162   0.0006835   0.0009682   0.0012558   0.0015458
  53.1991925   0.0000000   0.0000278   0.0002405   0.0006353   0.0010713   0.0014551   0.0017590   0.0019960   0.0021902   0.0023626
  53.3664856   0.0003376   0.0015460   0.0024830   0.0030615   0.0033644   0.0034865   0.0035184   0.0035183   0.0035129   0.0035113
  53.5337786   0.0105064   0.0086148   0.0076829   0.0068603   0.0061690   0.0056513   0.0052865   0.0050264   0.0048283   0.0046650
  53.7010717   0.0123546   0.0101433   0.0087065   0.0076735   0.0070199   0.0066008   0.0062899   0.0060207   0.0057669   0.0055216
  53.8683648   0.0010873   0.0029246   0.0044433   0.0056175   0.0062901   0.0065499   0.0065452   0.0063909   0.0061606   0.0058981
  54.0356578   0.0022899   0.0051553   0.0062499   0.0066162   0.0066935   0.0066205   0.0064556   0.0062360   0.0059890   0.0057339
  54.2029509   0.0191155   0.0130366   0.0098703   0.0080194   0.0069094   0.0062320   0.0057968   0.0054919   0.0052571   0.0050617
  54.3702439   0.0005917   0.0027821   0.0041340   0.0045430   0.0045257   0.0043835   0.0042431   0.0041408   0.0040750   0.0040327
  54.5375370   0.0000001   0.0000493   0.0004279   0.0010635   0.0016475   0.0020771   0.0023812   0.0026080   0.0027884   0.0029368
  54.7048301   0.0000000   0.0000001   0.0000124   0.0001200   0.0003932   0.0007763   0.0011772   0.0015401   0.0018475   0.0021014
  54.8721231   0.0000000   0.0000053   0.0000734   0.0002412   0.0004697   0.0007291   0.0009992   0.0012603   0.0014993   0.0017111
  55.0394162   0.0000513   0.0004779   0.0009756   0.0012980   0.0014548   0.0015155   0.0015444   0.0015803   0.0016357   0.0017085
  55.2067092   0.0045882   0.0040590   0.0035340   0.0030683   0.0026883   0.0023932   0.0021742   0.0020207   0.0019223   0.0018681
  55.3740023   0.0049339   0.0043527   0.0037268   0.0032048   0.0028199   0.0025452   0.0023428   0.0021864   0.0020630   0.0019669
  55.5412953   0.0001637   0.0007097   0.0012561   0.0016702   0.0019195   0.0020343   0.0020594   0.0020311   0.0019746   0.0019068
  55.7085884   0.0000595   0.0004688   0.0009142   0.0012555   0.0014972   0.0016486   0.0017266   0.0017513   0.0017406   0.0017084
  55.8758815   0.0040293   0.0029678   0.0023077   0.0019008   0.0016671   0.0015478   0.0014923   0.0014652   0.0014467   0.0014278
  56.0431745   0.0010123   0.0016062   0.0016318   0.0015035   0.0013606   0.0012473   0.0011733   0.0011324   0.0011131   0.0011050
  56.2104676   0.0000009   0.0000723   0.0002855   0.0004927   0.0006240   0.0006915   0.0007234   0.0007414   0.0007568   0.0007733
  56.3777606   0.0000008   0.0000027   0.0000155   0.0000691   0.0001571   0.0002490   0.0003268   0.0003877   0.0004358   0.0004759
  56.5450537   0.0000132   0.0000088   0.0000067   0.0000089   0.0000248   0.0000595   0.0001069   0.0001580   0.0002071   0.0002522
  56.7123468   0.0000009   0.0000026   0.0000033   0.0000035   0.0000047   0.0000110   0.0000262   0.0000503   0.0000805   0.0001137
  56.8796398   0.0000000   0.0000001   0.0000004   0.0000009   0.0000013   0.0000023   0.0000054   0.0000129   0.0000257   0.0000435
  57.0469329   0.0000000   0.0000000   0.0000000   0.0000001   0.0000003   0.0000005   0.0000011   0.0000028   0.0000069   0.0000141
  57.2142259   0.0000000   0.0000000   0.0000000   0.0000000   0.0000000   0.0000001   0.0000002   0.0000006   0.0000016   0.0000040
  57.3815190   0.0000000   0.0000000   0.0000000   0.0000000   0.0000000   0.0000000   0.0000000   0.0000001   0.0000003   0.0000010
  57.5488120   0.0000000   0.0000000   0.0000000   0.0000000   0.0000000   0.0000000   0.0000000   0.0000000   0.0000001   0.0000002
  57.7161051   0.0000000   0.0000000   0.0000000   0.0000000   0.0000000   0.0000000   0.0000000   0.0000000   0.0000000   0.0000000
  57.8833982   0.0000000   0.0000000   0.0000000   0.0000000   0.0000000   0.0000000   0.0000000   0.0000000   0.0000000   0.0000000
  58.0506912   0.0000000   0.0000000   0.0000000   0.0000000   0.0000000   0.0000000   0.0000000   0.0000000   0.0000000   0.0000000
  58.2179843   0.0000000   0.0000000   0.0000000   0.0000000   0.0000000   0.0000000   0.0000000   0.0000000   0.0000000   0.0000000
  58.3852773   0.0000000   0.0000000   0.0000000   0.0000000   0.0000000   0.0000000   0.0000000   0.0000000   0.0000000   0.0000000
  58.5525704   0.0000000   0.0000000   0.0000000   0.0000000   0.0000000   0.0000000   0.0000000   0.0000000   0.0000000   0.0000000
  58.7198634   0.0000000   0.0000000   0.0000000   0.0000000   0.0000000   0.0000000   0.0000000   0.0000000   0.0000000   0.0000000
  58.8871565   0.0000000   0.0000000   0.0000000   0.0000000   0.0000000   0.0000000   0.0000000   0.0000000   0.0000000   0.0000000
  59.0544496   0.0000000   0.0000000   0.0000000   0.0000000   0.0000000   0.0000000   0.0000000   0.0000000   0.0000000   0.0000000
  59.2217426   0.0000000   0.0000000   0.0000000   0.0000000   0.0000000   0.0000000   0.0000000   0.0000000   0.0000000   0.0000000
  59.3890357   0.0000000   0.0000000   0.0000000   0.0000000   0.0000000   0.0000000   0.0000000   0.0000000   0.0000000   0.0000000
  59.5563287   0.0000000   0.0000000   0.0000000   0.0000000   0.0000000   0.0000000   0.0000000   0.0000000   0.0000000   0.0000000
  59.7236218   0.0000000   0.0000000   0.0000000   0.0000000   0.0000000   0.0000000   0.0000000   0.0000000   0.0000000   0.0000000
  59.8909149   0.0000000   0.0000000   0.0000000   0.0000000   0.0000000   0.0000000   0.0000000   0.0000000   0.0000000   0.0000000
  60.0582079   0.0000000   0.0000000   0.0000000   0.0000000   0.0000000   0.0000000   0.0000000   0.0000000   0.0000000   0.0000000
  60.2255010   0.0000000   0.0000000   0.0000000   0.0000000   0.0000000   0.0000000   0.0000000   0.0000000   0.0000000   0.0000000
  60.3927940   0.0000000   0.0000000   0.0000000   0.0000000   0.0000000   0.0000000   0.0000000   0.0000000   0.0000000   0.0000000
  60.5600871   0.0000000   0.0000000   0.0000000   0.0000000   0.0000000   0.0000000   0.0000000   0.0000000   0.0000000   0.0000000
  60.7273801   0.0000000   0.0000000   0.0000000   0.0000000   0.0000000   0.0000000   0.0000000   0.0000000   0.0000000   0.0000000
  60.8946732   0.0000000   0.0000000   0.0000000   0.0000000   0.0000000   0.0000000   0.0000000   0.0000000   0.0000000   0.0000000
  61.0619663   0.0000000   0.0000000   0.0000000   0.0000000   0.0000000   0.0000000   0.0000000   0.0000000   0.0000000   0.0000000
  61.2292593   0.0000000   0.0000000   0.0000000   0.0000000   0.0000000   0.0000000   0.0000000   0.0000000   0.0000000   0.0000000
  61.3965524   0.0000000   0.0000000   0.0000000   0.0000000   0.0000000   0.0000000   0.0000000   0.0000000   0.0000000   0.0000000
  61.5638454   0.0000000   0.0000000   0.0000000   0.0000000   0.0000000   0.0000000   0.0000000   0.0000000   0.0000000   0.0000000
  61.7311385   0.0000000   0.0000000   0.0000000   0.0000000   0.0000000   0.0000000   0.0000000   0.0000000   0.0000000   0.0000000
  61.8984316   0.0000000   0.0000000   0.0000000   0.0000000   0.0000000   0.0000000   0.0000000   0.0000000   0.0000000   0.0000000
  62.0657246   0.0000000   0.0000000   0.0000000   0.0000000   0.0000000   0.0000000   0.0000000   0.0000000   0.0000000   0.0000000
  62.2330177   0.0000000   0.0000000   0.0000000   0.0000000   0.0000000   0.0000000   0.0000000   0.0000000   0.0000000   0.0000000
  62.4003107   0.0000000   0.0000000   0.0000000   0.0000000   0.0000000   0.0000000   0.0000000   0.0000000   0.0000000   0.0000000
  62.5676038   0.0000000   0.0000000   0.0000000   0.0000000   0.0000000   0.0000000   0.0000000   0.0000000   0.0000000   0.0000000
  62.7348968   0.0000000   0.0000000   0.0000000   0.0000000   0.0000000   0.0000000   0.0000000   0.0000000   0.0000000   0.0000000
  62.9021899   0.0000000   0.0000000   0.0000000   0.0000000   0.0000000   0.0000000   0.0000000   0.0000000   0.0000000   0.0000000
  63.0694830   0.0000000   0.0000000   0.0000000   0.0000000   0.0000000   0.0000000   0.0000000   0.0000000   0.0000000   0.0000003
  63.2367760   0.0000000   0.0000000   0.0000000   0.0000000   0.0000000   0.0000000   0.0000000   0.0000000   0.0000003   0.0000019
  63.4040691   0.0000000   0.0000000   0.0000000   0.0000000   0.0000000   0.0000000   0.0000000   0.0000003   0.0000024   0.0000114
  63.5713621   0.0000000   0.0000000   0.0000000   0.0000000   0.0000000   0.0000000   0.0000003   0.0000032   0.0000168   0.0000578
  63.7386552   0.0000000   0.0000000   0.0000000   0.0000000   0.0000000   0.0000004   0.0000047   0.0000267   0.0000953   0.0002460
  63.9059483   0.0000000   0.0000000   0.0000000   0.0000000   0.0000005   0.0000074   0.0000467   0.0001707   0.0004369   0.0008790
  64.0732413   0.0000000   0.0000000   0.0000000   0.0000007   0.0000137   0.0000928   0.0003398   0.0008435   0.0016245   0.0026392
  64.2405344   0.0000000   0.0000000   0.0000013   0.0000314   0.0002192   0.0007715   0.0017961   0.0032265   0.0049041   0.0066728
  64.4078274   0.0000000   0.0000041   0.0001026   0.0006557   0.0020593   0.0042714   0.0069047   0.0095745   0.0120530   0.0142495
  64.5751205   0.0000344   0.0005768   0.0026745   0.0066224   0.0113593   0.0157672   0.0193626   0.0221346   0.0242365   0.0258277
  64.7424135   0.0062334   0.0153024   0.0251272   0.0325185   0.0368428   0.0389805   0.0399072   0.0402228   0.0402235   0.0400452
  64.9097066   0.0940750   0.0917763   0.0856391   0.0777794   0.0709083   0.0656161   0.0616065   0.0584735   0.0559145   0.0537397
  65.0769997   0.1593297   0.1257352   0.1057506   0.0934009   0.0852066   0.0791479   0.0742827   0.0701741   0.0666048   0.0634681
  65.2442927   0.0126060   0.0428005   0.0636319   0.0736523   0.0770704   0.0770496   0.0753392   0.0728590   0.0701235   0.0674318
  65.4115858   0.1006999   0.0813240   0.0724112   0.0701281   0.0702536   0.0704322   0.0699682   0.0689415   0.0676253   0.0662466
  65.5788788   0.0674282   0.0713290   0.0701553   0.0671482   0.0645133   0.0628734   0.0621093   0.0619337   0.0620831   0.0623652
  65.7461719   0.0466710   0.0504320   0.0521585   0.0525551   0.0522842   0.0524441   0.0534570   0.0551378   0.0571189   0.0590901
  65.9134650   0.0447326   0.0396970   0.0362247   0.0366070   0.0400172   0.0445436   0.0490329   0.0530742   0.0565751   0.0595334
  66.0807580   0.0006854   0.0081374   0.0216429   0.0341940   0.0437204   0.0507546   0.0559866   0.0599164   0.0629036   0.0651966
  66.2480511   0.0432037   0.0655414   0.0712947   0.0729787   0.0737470   0.0741615   0.0744188   0.0745919   0.0746876   0.0747049
  66.4153441   0.1830560   0.1489996   0.1290316   0.1151600   0.1053762   0.0984297   0.0933759   0.0895577   0.0865605   0.0841590
  66.5826372   0.1221061   0.1147941   0.1164875   0.1148902   0.1108860   0.1060688   0.1012424   0.0967530   0.0927887   0.0894838
  66.7499302   0.0829057   0.0928179   0.0961335   0.0983853   0.0993924   0.0986545   0.0965676   0.0938776   0.0912606   0.0891683
  66.9172233   0.0864739   0.0878073   0.0875535   0.0871470   0.0863770   0.0854773   0.0847205   0.0843865   0.0846680   0.0856291
  67.0845164   0.0828479   0.0818737   0.0770643   0.0727880   0.0701394   0.0697372   0.0715618   0.0750993   0.0797213   0.0848986
  67.2518094   0.0439167   0.0448668   0.0445120   0.0461140   0.0508513   0.0581830   0.0670295   0.0764917   0.0859190   0.0948745
  67.4191025   0.0002129   0.0051170   0.0189198   0.0376064   0.0563235   0.0732197   0.0880741   0.1010236   0.1122344   0.1218840
  67.5863955   0.0177330   0.0584276   0.0884517   0.1083037   0.1232045   0.1354710   0.1456644   0.1539993   0.1607759   0.1663369
  67.7536886   0.3480933   0.2889378   0.2575668   0.2425149   0.2350678   0.2305601   0.2271765   0.2244413   0.2222721   0.2206207
  67.9209817   0.3047354   0.3414755   0.3512899   0.3440624   0.3300278   0.3147095   0.3008256   0.2892167   0.2798041   0.2722085
  68.0882747   0.4896945   0.4324805   0.4081253   0.3878703   0.3699108   0.3544703   0.3411966   0.3296547   0.3195281   0.3105756
  68.2555678   0.4349679   0.3828045   0.3627921   0.3552761   0.3533881   0.3519519   0.3490527   0.3445486   0.3388360   0.3323537
  68.4228608   0.1472786   0.2196161   0.2799050   0.3145987   0.3326957   0.3417579   0.3456969   0.3462440   0.3442944   0.3404869
  68.5901539   0.4946249   0.4153587   0.3730581   0.3545295   0.3481255   0.3464930   0.3458903   0.3447301   0.3424752   0.3390621
  68.7574469   0.3347877   0.3715090   0.3728820   0.3649956   0.3566121   0.3495155   0.3436447   0.3385793   0.3339229   0.3293671
  68.9247400   0.3060587   0.3136238   0.3313896   0.3396266   0.3389653   0.3337283   0.3272024   0.3209384   0.3153700   0.3104454
  69.0920331   0.4433676   0.3680243   0.3332076   0.3143190   0.3040723   0.2978792   0.2932525   0.2892415   0.2856057   0.2823273
  69.2593261   0.1823989   0.2251921   0.2394636   0.2439101   0.2458472   0.2471945   0.2480948   0.2484525   0.2483832   0.2481289
  69.4266192   0.1384420   0.1533353   0.1670608   0.1817720   0.1926547   0.1996769   0.2042925   0.2077165   0.2106473   0.2134046
  69.5939122   0.1632538   0.1729241   0.1708212   0.1674443   0.1663650   0.1675305   0.1703275   0.1743032   0.1790371   0.1841043
  69.7612053   0.2058889   0.1721733   0.1562001   0.1472533   0.1429906   0.1430283   0.1464784   0.1520188   0.1584701   0.1650140
  69.9284984   0.0629761   0.0815954   0.0960354   0.1068126   0.1171107   0.1272386   0.1366888   0.1451241   0.1524255   0.1586165
  70.0957914   0.0724728   0.0757038   0.0892301   0.1092878   0.1275425   0.1412493   0.1506556   0.1568029   0.1607283   0.1632398
  70.2630845   0.1160582   0.1647824   0.1858053   0.1906851   0.1898096   0.1869559   0.1832820   0.1792842   0.1753073   0.1716252
  70.4303775   0.4729127   0.3633414   0.3057532   0.2694146   0.2426201   0.2216876   0.2051239   0.1919694   0.1815118   0.1732427
  70.5976706   0.1780940   0.2350206   0.2433908   0.2331765   0.2179185   0.2026484   0.1890149   0.1775065   0.1681661   0.1608262
  70.7649636   0.1299578   0.1291297   0.1278585   0.1331884   0.1380329   0.1401021   0.1399954   0.1388209   0.1373856   0.1361208
  70.9322567   0.0067269   0.0230780   0.0411803   0.0552427   0.0672709   0.0783081   0.0881800   0.0966286   0.1036209   0.1093299
  71.0995498   0.0420302   0.0295633   0.0249212   0.0278836   0.0363950   0.0479262   0.0604305   0.0724420   0.0832035   0.0925508
  71.2668428   0.0026450   0.0111678   0.0227475   0.0342107   0.0453932   0.0561076   0.0661127   0.0754465   0.0842789   0.0927620
  71.4341359   0.0480421   0.0665924   0.0781617   0.0873899   0.0928975   0.0956592   0.0976083   0.1002260   0.1042024   0.1096186
  71.6014289   0.1872740   0.1933051   0.1813584   0.1653462   0.1511761   0.1410540   0.1353534   0.1336104   0.1350928   0.1390384
  71.7687220   0.2910188   0.2348816   0.2023956   0.1818685   0.1704219   0.1658008   0.1657464   0.1685772   0.1732044   0.1789212
  71.9360151   0.0539689   0.0872829   0.1185680   0.1466321   0.1697062   0.1878847   0.2022368   0.2138105   0.2233178   0.2311848
  72.1033081   0.0693197   0.1346345   0.1774088   0.2105419   0.2364050   0.2564855   0.2719011   0.2834541   0.2917537   0.2973038
  72.2706012   0.4891694   0.4373055   0.4041166   0.3856146   0.3777636   0.3756059   0.3755436   0.3754128   0.3741294   0.3713402
  72.4378942   0.5701719   0.5426236   0.5361759   0.5245339   0.5094490   0.4941254   0.4794399   0.4652825   0.4514291   0.4377962
  72.6051873   0.5999454   0.6159776   0.6096171   0.6005630   0.5862820   0.5669156   0.5445489   0.5212972   0.4986078   0.4772506
  72.7724803   0.5881320   0.6474050   0.6396750   0.6201964   0.5969704   0.5719603   0.5463794   0.5213664   0.4977728   0.4760436
  72.9397734   0.6403361   0.6052688   0.5712271   0.5439670   0.5195470   0.4980654   0.4793683   0.4628244   0.4478143   0.4339363
  73.1070665   0.3341327   0.3636978   0.3660264   0.3642343   0.3638305   0.3647679   0.3660612   0.3668626   0.3666582   0.3652949
  73.2743595   0.1121060   0.1225388   0.1502675   0.1819044   0.2109775   0.2356041   0.2555508   0.2712256   0.2832934   0.2924556
  73.4416526   0.0410425   0.0664937   0.0955069   0.1234044   0.1488048   0.1711983   0.1905451   0.2072518   0.2218512   0.2347428
  73.6089456   0.1897868   0.1937722   0.1817180   0.1725292   0.1682728   0.1685022   0.1726876   0.1801139   0.1898329   0.2008197
  73.7762387   0.2584185   0.2389090   0.2203952   0.2013802   0.1857191   0.1760984   0.1730131   0.1753517   0.1814218   0.1896388
  73.9435318   0.1959385   0.1667173   0.1618741   0.1615035   0.1643644   0.1697624   0.1763933   0.1833081   0.1900529   0.1964873
  74.1108248   0.0501457   0.0740916   0.1006658   0.1319536   0.1610586   0.1834570   0.1986146   0.2078701   0.2130523   0.2158049
  74.2781179   0.0919229   0.1486297   0.1991066   0.2277499   0.2424659   0.2486941   0.2495966   0.2472928   0.2433087   0.2387176
  74.4454109   0.6777577   0.5228944   0.4426622   0.3897381   0.3501368   0.3195697   0.2959755   0.2777779   0.2636111   0.2523978
  74.6127040   0.3776802   0.4396952   0.4199904   0.3815323   0.3441884   0.3133667   0.2894983   0.2713692   0.2575222   0.2467261
  74.7799970   0.1658454   0.1876740   0.1996710   0.2136279   0.2238205   0.2289786   0.2301191   0.2287195   0.2259444   0.2225115
  74.9472901   0.0005408   0.0157758   0.0519126   0.0912926   0.1248753   0.1503699   0.1682570   0.1799838   0.1871110   0.1909718
  75.1145832   0.0343502   0.0851990   0.1053552   0.1137546   0.1219424   0.1318491   0.1421475   0.1513376   0.1586347   0.1638947
  75.2818762   0.3729654   0.2557526   0.1983396   0.1690185   0.1534816   0.1455186   0.1422661   0.1419125   0.1430865   0.1448120
  75.4491693   0.0310868   0.1031952   0.1440050   0.1552934   0.1531130   0.1465946   0.1399066   0.1346638   0.1311982   0.1292515
  75.6164623   0.2397822   0.1754773   0.1456986   0.1349088   0.1301908   0.1262358   0.1219770   0.1177632   0.1141249   0.1113703
  75.7837554   0.0506887   0.0862451   0.0948696   0.0946454   0.0935135   0.0928985   0.0923239   0.0914505   0.0903399   0.0892388
  75.9510485   0.0283469   0.0336070   0.0412206   0.0491410   0.0544946   0.0579764   0.0605346   0.0625253   0.0640393   0.0651684
  76.1183415   0.0364959   0.0335618   0.0287800   0.0271518   0.0285787   0.0313886   0.0345274   0.0375978   0.0404430   0.0429892
  76.2856346   0.0001745   0.0031216   0.0074104   0.0102761   0.0123033   0.0144629   0.0169989   0.0197867   0.0226615   0.0254938
  76.4529276   0.0000000   0.0000241   0.0004804   0.0017570   0.0034063   0.0051160   0.0069384   0.0089575   0.0111706   0.0135200
  76.6202207   0.0000000   0.0000000   0.0000077   0.0001244   0.0005332   0.0012547   0.0022157   0.0033884   0.0047742   0.0063624
  76.7875137   0.0000000   0.0000000   0.0000000   0.0000036   0.0000454   0.0002019   0.0005278   0.0010379   0.0017372   0.0026298
  76.9548068   0.0000000   0.0000000   0.0000000   0.0000000   0.0000021   0.0000208   0.0000911   0.0002510   0.0005286   0.0009440
  77.1220999   0.0000000   0.0000000   0.0000000   0.0000000   0.0000001   0.0000014   0.0000112   0.0000471   0.0001326   0.0002911
  77.2893929   0.0000000   0.0000000   0.0000000   0.0000000   0.0000000   0.0000001   0.0000010   0.0000068   0.0000271   0.0000764
  77.4566860   0.0000000   0.0000000   0.0000000   0.0000000   0.0000000   0.0000000   0.0000001   0.0000007   0.0000045   0.0000170
  77.6239790   0.0000000   0.0000000   0.0000000   0.0000000   0.0000000   0.0000000   0.0000000   0.0000001   0.0000006   0.0000032
  77.7912721   0.0000000   0.0000000   0.0000000   0.0000000   0.0000000   0.0000000   0.0000000   0.0000000   0.0000001   0.0000005
  77.9585651   0.0000000   0.0000000   0.0000000   0.0000000   0.0000000   0.0000000   0.0000000   0.0000000   0.0000000   0.0000001
  78.1258582   0.0000000   0.0000000   0.0000000   0.0000000   0.0000000   0.0000000   0.0000000   0.0000000   0.0000000   0.0000000
  78.2931513   0.0000000   0.0000000   0.0000000   0.0000000   0.0000000   0.0000000   0.0000000   0.0000000   0.0000000   0.0000000
  78.4604443   0.0000000   0.0000000   0.0000000   0.0000000   0.0000000   0.0000000   0.0000000   0.0000000   0.0000000   0.0000000
  78.6277374   0.0000000   0.0000000   0.0000000   0.0000000   0.0000000   0.0000000   0.0000000   0.0000000   0.0000000   0.0000000
  78.7950304   0.0000000   0.0000000   0.0000000   0.0000000   0.0000000   0.0000000   0.0000000   0.0000000   0.0000000   0.0000000
  78.9623235   0.0000000   0.0000000   0.0000000   0.0000000   0.0000000   0.0000000   0.0000000   0.0000000   0.0000000   0.0000000
  79.1296166   0.0000000   0.0000000   0.0000000   0.0000000   0.0000000   0.0000000   0.0000000   0.0000000   0.0000000   0.0000000
  79.2969096   0.0000000   0.0000000   0.0000000   0.0000000   0.0000000   0.0000000   0.0000000   0.0000000   0.0000000   0.0000000
  79.4642027   0.0000000   0.0000000   0.0000000   0.0000000   0.0000000   0.0000000   0.0000000   0.0000000   0.0000000   0.0000000
  79.6314957   0.0000000   0.0000000   0.0000000   0.0000000   0.0000000   0.0000000   0.0000000   0.0000000   0.0000000   0.0000000
  79.7987888   0.0000000   0.0000000   0.0000000   0.0000000   0.0000000   0.0000000   0.0000000   0.0000000   0.0000000   0.0000000
  79.9660818   0.0000000   0.0000000   0.0000000   0.0000000   0.0000000   0.0000000   0.0000000   0.0000000   0.0000000   0.0000000
  80.1333749   0.0000000   0.0000000   0.0000000   0.0000000   0.0000000   0.0000000   0.0000000   0.0000000   0.0000000   0.0000000
  80.3006680   0.0000000   0.0000000   0.0000000   0.0000000   0.0000000   0.0000000   0.0000000   0.0000000   0.0000000   0.0000000
  80.4679610   0.0000000   0.0000000   0.0000000   0.0000000   0.0000000   0.0000000   0.0000000   0.0000000   0.0000000   0.0000000
  80.6352541   0.0000000   0.0000000   0.0000000   0.0000000   0.0000000   0.0000000   0.0000000   0.0000000   0.0000000   0.0000000
  80.8025471   0.0000000   0.0000000   0.0000000   0.0000000   0.0000000   0.0000000   0.0000000   0.0000000   0.0000000   0.0000000
  80.9698402   0.0000000   0.0000000   0.0000000   0.0000000   0.0000000   0.0000000   0.0000000   0.0000000   0.0000000   0.0000000
  81.1371333   0.0000000   0.0000000   0.0000000   0.0000000   0.0000000   0.0000000   0.0000000   0.0000000   0.0000000   0.0000000
  81.3044263   0.0000000   0.0000000   0.0000000   0.0000000   0.0000000   0.0000000   0.0000000   0.0000000   0.0000000   0.0000000
  81.4717194   0.0000000   0.0000000   0.0000000   0.0000000   0.0000000   0.0000000   0.0000000   0.0000000   0.0000000   0.0000000
  81.6390124   0.0000000   0.0000000   0.0000000   0.0000000   0.0000000   0.0000000   0.0000000   0.0000000   0.0000000   0.0000000
  81.8063055   0.0000000   0.0000000   0.0000000   0.0000000   0.0000000   0.0000000   0.0000000   0.0000000   0.0000000   0.0000000
  81.9735985   0.0000000   0.0000000   0.0000000   0.0000000   0.0000000   0.0000000   0.0000000   0.0000000   0.0000000   0.0000000
  82.1408916   0.0000000   0.0000000   0.0000000   0.0000000   0.0000000   0.0000000   0.0000000   0.0000000   0.0000000   0.0000000
  82.3081847   0.0000000   0.0000000   0.0000000   0.0000000   0.0000000   0.0000000   0.0000000   0.0000000   0.0000000   0.0000000
  82.4754777   0.0000000   0.0000000   0.0000000   0.0000000   0.0000000   0.0000000   0.0000000   0.0000000   0.0000000   0.0000000
  82.6427708   0.0000000   0.0000000   0.0000000   0.0000000   0.0000000   0.0000000   0.0000000   0.0000000   0.0000000   0.0000000
  82.8100638   0.0000000   0.0000000   0.0000000   0.0000000   0.0000000   0.0000000   0.0000000   0.0000000   0.0000000   0.0000000
  82.9773569   0.0000000   0.0000000   0.0000000   0.0000000   0.0000000   0.0000000   0.0000000   0.0000000   0.0000000   0.0000000
  83.1446500   0.0000000   0.0000000   0.0000000   0.0000000   0.0000000   0.0000000   0.0000000   0.0000000   0.0000000   0.0000000
  83.3119430   0.0000000   0.0000000   0.0000000   0.0000000   0.0000000   0.0000000   0.0000000   0.0000000   0.0000000   0.0000000
  83.4792361   0.0000000   0.0000000   0.0000000   0.0000000   0.0000000   0.0000000   0.0000000   0.0000000   0.0000000   0.0000000
  83.6465291   0.0000000   0.0000000   0.0000000   0.0000000   0.0000000   0.0000000   0.0000000   0.0000000   0.0000000   0.0000000
 Integrated el-ph coupling
  #            0.5759097   0.5753714   0.5755999   0.5759176   0.5763168   0.5768054   0.5773946   0.5781008   0.5789489   0.5799726
 Phonon smearing (meV)
  #            0.1000000   0.1500000   0.2000000   0.2500000   0.3000000   0.3500000   0.4000000   0.4500000   0.5000000   0.5500000
 Electron smearing (eV)   0.1000000
 Fermi window (eV)   0.4000000
 Summed el-ph coupling    0.3866803
