   0.1672931   0.0000000   0.0000000   0.0000000   0.0000000   0.0000000   0.0000000   0.0000000   0.0000000   0.0000000   0.0000000
   0.3345861   0.0000000   0.0000000   0.0000000   0.0000000   0.0000000   0.0000000   0.0000000   0.0000000   0.0000000   0.0000000
   0.5018792   0.0000000   0.0000000   0.0000000   0.0000000   0.0000000   0.0000000   0.0000000   0.0000000   0.0000000   0.0000000
   0.6691722   0.0000000   0.0000000   0.0000000   0.0000000   0.0000000   0.0000000   0.0000000   0.0000000   0.0000000   0.0000000
   0.8364653   0.0000000   0.0000000   0.0000000   0.0000000   0.0000000   0.0000000   0.0000000   0.0000000   0.0000000   0.0000000
   1.0037583   0.0000000   0.0000000   0.0000000   0.0000000   0.0000000   0.0000000   0.0000000   0.0000000   0.0000000   0.0000000
   1.1710514   0.0000000   0.0000000   0.0000000   0.0000000   0.0000000   0.0000000   0.0000000   0.0000000   0.0000000   0.0000000
   1.3383445   0.0000000   0.0000000   0.0000000   0.0000000   0.0000000   0.0000000   0.0000000   0.0000000   0.0000000   0.0000000
   1.5056375   0.0000000   0.0000000   0.0000000   0.0000000   0.0000000   0.0000000   0.0000000   0.0000000   0.0000000   0.0000000
   1.6729306   0.0000000   0.0000000   0.0000000   0.0000000   0.0000000   0.0000000   0.0000000   0.0000000   0.0000000   0.0000000
   1.8402236   0.0000000   0.0000000   0.0000000   0.0000000   0.0000000   0.0000000   0.0000000   0.0000000   0.0000000   0.0000000
   2.0075167   0.0000000   0.0000000   0.0000000   0.0000000   0.0000000   0.0000000   0.0000000   0.0000000   0.0000000   0.0000001
   2.1748098   0.0000000   0.0000000   0.0000000   0.0000000   0.0000000   0.0000000   0.0000000   0.0000000   0.0000001   0.0000006
   2.3421028   0.0000000   0.0000000   0.0000000   0.0000000   0.0000000   0.0000000   0.0000000   0.0000001   0.0000008   0.0000034
   2.5093959   0.0000000   0.0000000   0.0000000   0.0000000   0.0000000   0.0000000   0.0000002   0.0000012   0.0000054   0.0000158
   2.6766889   0.0000000   0.0000000   0.0000000   0.0000000   0.0000000   0.0000002   0.0000019   0.0000092   0.0000274   0.0000604
   2.8439820   0.0000000   0.0000000   0.0000000   0.0000000   0.0000003   0.0000033   0.0000172   0.0000516   0.0001111   0.0001925
   3.0112750   0.0000000   0.0000000   0.0000000   0.0000004   0.0000066   0.0000367   0.0001082   0.0002211   0.0003608   0.0005095
   3.1785681   0.0000000   0.0000000   0.0000006   0.0000162   0.0000935   0.0002575   0.0004805   0.0007179   0.0009367   0.0011209
   3.3458612   0.0000000   0.0000012   0.0000551   0.0003006   0.0007107   0.0011426   0.0015036   0.0017682   0.0019440   0.0020493
   3.5131542   0.0000039   0.0003215   0.0013033   0.0022767   0.0028999   0.0032102   0.0033162   0.0033031   0.0032250   0.0031139
   3.6804473   0.0045142   0.0074032   0.0076086   0.0070425   0.0063525   0.0057114   0.0051548   0.0046805   0.0042770   0.0039321
   3.8477403   0.0194424   0.0141668   0.0109609   0.0088959   0.0074715   0.0064344   0.0056474   0.0050304   0.0045342   0.0041266
   4.0150334   0.0003105   0.0022528   0.0038964   0.0045889   0.0047181   0.0045902   0.0043606   0.0041009   0.0038427   0.0035991
   4.1823265   0.0000000   0.0000298   0.0003418   0.0009667   0.0015997   0.0020736   0.0023731   0.0025357   0.0026033   0.0026088
   4.3496195   0.0000000   0.0000000   0.0000074   0.0000832   0.0002912   0.0005931   0.0009102   0.0011893   0.0014099   0.0015719
   4.5169126   0.0000000   0.0000000   0.0000000   0.0000029   0.0000285   0.0001074   0.0002461   0.0004231   0.0006109   0.0007890
   4.6842056   0.0000000   0.0000000   0.0000000   0.0000000   0.0000015   0.0000123   0.0000469   0.0001148   0.0002145   0.0003384
   4.8514987   0.0000000   0.0000000   0.0000000   0.0000000   0.0000000   0.0000010   0.0000072   0.0000286   0.0000767   0.0001595
   5.0187917   0.0000000   0.0000000   0.0000000   0.0000000   0.0000001   0.0000015   0.0000098   0.0000367   0.0000956   0.0001954
   5.1860848   0.0000000   0.0000000   0.0000000   0.0000001   0.0000026   0.0000184   0.0000664   0.0001609   0.0003042   0.0004881
   5.3533779   0.0000000   0.0000000   0.0000001   0.0000055   0.0000437   0.0001521   0.0003433   0.0006006   0.0008930   0.0011907
   5.5206709   0.0000000   0.0000001   0.0000161   0.0001322   0.0004108   0.0008187   0.0012833   0.0017382   0.0021410   0.0024732
   5.6879640   0.0000002   0.0000787   0.0005578   0.0013395   0.0021699   0.0029077   0.0034883   0.0039023   0.0041703   0.0043227
   5.8552570   0.0010252   0.0035221   0.0050757   0.0060600   0.0066499   0.0069106   0.0069354   0.0068116   0.0066037   0.0063544
   6.0225501   0.0196329   0.0158387   0.0146050   0.0134347   0.0122388   0.0111207   0.0101252   0.0092572   0.0085069   0.0078609
   6.1898432   0.0259048   0.0213101   0.0182543   0.0157777   0.0137776   0.0121679   0.0108642   0.0097988   0.0089224   0.0081991
   6.3571362   0.0045262   0.0083074   0.0093608   0.0095535   0.0093769   0.0090067   0.0085535   0.0080886   0.0076526   0.0072627
   6.5244293   0.0000031   0.0003218   0.0014320   0.0027061   0.0037377   0.0044731   0.0049670   0.0052885   0.0054913   0.0056114
   6.6917223   0.0000000   0.0000010   0.0000567   0.0003391   0.0008911   0.0016059   0.0023565   0.0030511   0.0036420   0.0041157
   6.8590154   0.0000000   0.0000002   0.0000215   0.0001703   0.0005320   0.0010724   0.0017011   0.0023337   0.0029145   0.0034168
   7.0263084   0.0000004   0.0001080   0.0006585   0.0013977   0.0020088   0.0024524   0.0027902   0.0030791   0.0033493   0.0036117
   7.1936015   0.0014593   0.0041030   0.0051247   0.0052822   0.0051483   0.0049219   0.0046851   0.0044890   0.0043652   0.0043243
   7.3608946   0.0193827   0.0131640   0.0103194   0.0086573   0.0075039   0.0066443   0.0060015   0.0055396   0.0052341   0.0050622
   7.5281876   0.0037370   0.0063501   0.0071853   0.0070623   0.0066516   0.0062463   0.0059400   0.0057435   0.0056408   0.0056098
   7.6954807   0.0036219   0.0033964   0.0033481   0.0037458   0.0042971   0.0048214   0.0052686   0.0056385   0.0059372   0.0061696
   7.8627737   0.0000201   0.0004824   0.0015490   0.0027489   0.0038564   0.0048331   0.0056570   0.0063090   0.0067884   0.0071124
   8.0300668   0.0022879   0.0046818   0.0058535   0.0064440   0.0069807   0.0075056   0.0079477   0.0082643   0.0084507   0.0085235
   8.1973599   0.0206728   0.0151027   0.0130005   0.0123659   0.0120107   0.0116256   0.0111974   0.0107617   0.0103436   0.0099534
   8.3646529   0.0068621   0.0149123   0.0171753   0.0168459   0.0157138   0.0144413   0.0132553   0.0122243   0.0113579   0.0106423
   8.5319460   0.0359640   0.0247839   0.0194843   0.0166694   0.0148605   0.0134971   0.0123871   0.0114653   0.0107024   0.0100752
   8.6992390   0.0010559   0.0051319   0.0077439   0.0087112   0.0089777   0.0089844   0.0088880   0.0087460   0.0085824   0.0084088
   8.8665321   0.0000001   0.0000889   0.0007886   0.0020000   0.0032044   0.0042173   0.0050239   0.0056390   0.0060848   0.0063898
   9.0338251   0.0000000   0.0000012   0.0000662   0.0004328   0.0011711   0.0020809   0.0029649   0.0037273   0.0043442   0.0048268
   9.2011182   0.0000037   0.0002736   0.0010627   0.0018270   0.0023555   0.0027428   0.0030851   0.0034187   0.0037497   0.0040757
   9.3684113   0.0038285   0.0059571   0.0060108   0.0055165   0.0049567   0.0044700   0.0041144   0.0039172   0.0038766   0.0039667
   9.5357043   0.0145341   0.0107778   0.0083902   0.0068291   0.0057495   0.0049899   0.0044882   0.0042121   0.0041233   0.0041748
   9.7029974   0.0002046   0.0016204   0.0028901   0.0034630   0.0036639   0.0037903   0.0039598   0.0041737   0.0044027   0.0046248
   9.8702904   0.0000000   0.0000205   0.0002759   0.0009767   0.0020010   0.0030720   0.0039922   0.0046916   0.0051795   0.0054997
  10.0375835   0.0000003   0.0001420   0.0011241   0.0027196   0.0042186   0.0053453   0.0060918   0.0065337   0.0067584   0.0068455
  10.2048766   0.0017698   0.0072148   0.0101981   0.0109417   0.0107119   0.0101675   0.0095805   0.0090469   0.0085994   0.0082525
  10.3721696   0.0452698   0.0304753   0.0229346   0.0183767   0.0153282   0.0131560   0.0115618   0.0104037   0.0096053   0.0091066
  10.5394627   0.0042931   0.0106971   0.0127272   0.0126062   0.0118017   0.0108868   0.0101100   0.0095841   0.0093279   0.0093014
  10.7067557   0.0000015   0.0003120   0.0017429   0.0035389   0.0049663   0.0060589   0.0070258   0.0079579   0.0088534   0.0096886
  10.8740488   0.0000000   0.0000008   0.0000751   0.0006551   0.0021281   0.0042434   0.0064959   0.0085446   0.0102634   0.0116498
  11.0413418   0.0000000   0.0000525   0.0009789   0.0034809   0.0066027   0.0094537   0.0117622   0.0135585   0.0149387   0.0159855
  11.2086349   0.0003992   0.0063842   0.0145604   0.0194980   0.0215711   0.0221794   0.0222501   0.0221926   0.0221220   0.0220397
  11.3759280   0.0725956   0.0644805   0.0534855   0.0450373   0.0391870   0.0352781   0.0326031   0.0306564   0.0291397   0.0278907
  11.5432210   0.0489461   0.0541760   0.0493531   0.0450212   0.0419493   0.0394885   0.0372732   0.0351979   0.0332635   0.0314994
  11.7105141   0.0006231   0.0097028   0.0230783   0.0318370   0.0357763   0.0367620   0.0362039   0.0349245   0.0333816   0.0318294
  11.8778071   0.0617857   0.0509639   0.0419083   0.0368265   0.0343752   0.0330152   0.0319617   0.0309733   0.0300364   0.0291902
  12.0451002   0.0315214   0.0376843   0.0348994   0.0309599   0.0278628   0.0259537   0.0250047   0.0246932   0.0247562   0.0250088
  12.2123933   0.0001629   0.0025958   0.0074817   0.0114491   0.0138367   0.0154136   0.0168510   0.0183769   0.0199479   0.0214568
  12.3796863   0.0000000   0.0000236   0.0005341   0.0024232   0.0055856   0.0092488   0.0127792   0.0158891   0.0185309   0.0207603
  12.5469794   0.0000234   0.0006923   0.0027744   0.0062494   0.0103383   0.0142310   0.0175152   0.0201471   0.0222728   0.0240600
  12.7142724   0.0085658   0.0152055   0.0225056   0.0272208   0.0292934   0.0298384   0.0298405   0.0298697   0.0301302   0.0306157
  12.8815655   0.0783458   0.0759516   0.0665511   0.0577762   0.0507191   0.0455380   0.0421023   0.0400443   0.0389234   0.0383638
  13.0488585   0.0807528   0.0755864   0.0659284   0.0578377   0.0524899   0.0495146   0.0479382   0.0469754   0.0462032   0.0454513
  13.2161516   0.0075167   0.0137543   0.0237088   0.0341244   0.0425262   0.0480104   0.0509227   0.0519799   0.0518415   0.0510015
  13.3834447   0.0013219   0.0163046   0.0349059   0.0472001   0.0539582   0.0570492   0.0578528   0.0572973   0.0559858   0.0542979
  13.5507377   0.1644260   0.1348694   0.1088663   0.0905886   0.0781615   0.0697718   0.0639859   0.0598014   0.0565859   0.0539657
  13.7180308   0.0772852   0.0964226   0.0900557   0.0797931   0.0705464   0.0632628   0.0578655   0.0539585   0.0511033   0.0489413
  13.8853238   0.0001347   0.0057298   0.0184672   0.0292629   0.0357034   0.0388994   0.0402114   0.0405666   0.0404879   0.0402366
  14.0526169   0.0000034   0.0004116   0.0026704   0.0075530   0.0137410   0.0194806   0.0239661   0.0271709   0.0293864   0.0309327
  14.2199100   0.0053920   0.0101922   0.0113695   0.0118774   0.0129719   0.0148839   0.0172747   0.0197454   0.0220524   0.0240940
  14.3872030   0.0321518   0.0249576   0.0222112   0.0202365   0.0185533   0.0174982   0.0173666   0.0180998   0.0194037   0.0209607
  14.5544961   0.0266144   0.0248360   0.0231654   0.0212728   0.0197752   0.0190093   0.0189217   0.0193413   0.0200951   0.0210290
  14.7217891   0.0107291   0.0140842   0.0143577   0.0156207   0.0177732   0.0198284   0.0213183   0.0222369   0.0227615   0.0230759
  14.8890822   0.0000697   0.0034556   0.0117267   0.0189838   0.0234336   0.0256972   0.0265697   0.0266164   0.0262132   0.0256115
  15.0563752   0.0365445   0.0486578   0.0466140   0.0422123   0.0382249   0.0349895   0.0323801   0.0302305   0.0284143   0.0268555
  15.2236683   0.0930502   0.0737084   0.0587221   0.0483434   0.0410616   0.0358603   0.0320661   0.0292239   0.0270279   0.0252769
  15.3909614   0.0008784   0.0092791   0.0183035   0.0229100   0.0243597   0.0242364   0.0234659   0.0225007   0.0215363   0.0206437
  15.5582544   0.0000000   0.0000971   0.0014078   0.0044367   0.0077866   0.0104635   0.0122798   0.0133946   0.0140232   0.0143394
  15.7255475   0.0000000   0.0000001   0.0000267   0.0003509   0.0013369   0.0028659   0.0045491   0.0060929   0.0073741   0.0083808
  15.8928405   0.0000000   0.0000000   0.0000001   0.0000113   0.0001233   0.0004973   0.0011896   0.0021095   0.0031182   0.0041075
  16.0601336   0.0000000   0.0000000   0.0000000   0.0000002   0.0000062   0.0000552   0.0002219   0.0005624   0.0010761   0.0017247
  16.2274267   0.0000000   0.0000000   0.0000000   0.0000001   0.0000013   0.0000096   0.0000455   0.0001521   0.0003821   0.0007773
  16.3947197   0.0000000   0.0000000   0.0000002   0.0000031   0.0000150   0.0000392   0.0000863   0.0001950   0.0004329   0.0008677
  16.5620128   0.0000000   0.0000004   0.0000115   0.0000488   0.0001045   0.0001861   0.0003539   0.0006971   0.0012852   0.0021410
  16.7293058   0.0000023   0.0000725   0.0002091   0.0003197   0.0004461   0.0007497   0.0013937   0.0024389   0.0038359   0.0054736
  16.8965989   0.0009420   0.0010457   0.0009595   0.0010400   0.0016582   0.0030059   0.0049900   0.0073628   0.0098620   0.0122856
  17.0638919   0.0014164   0.0013632   0.0019060   0.0039106   0.0071656   0.0110111   0.0148658   0.0183589   0.0213196   0.0237132
  17.2311850   0.0012078   0.0053005   0.0126756   0.0199797   0.0262140   0.0310821   0.0345986   0.0369624   0.0384237   0.0392115
  17.3984781   0.0508223   0.0571973   0.0605762   0.0628269   0.0635047   0.0629026   0.0615028   0.0596753   0.0576558   0.0555861
  17.5657711   0.1286179   0.1300930   0.1203005   0.1092765   0.0993008   0.0908070   0.0836387   0.0775519   0.0723390   0.0678376
  17.7330642   0.1514313   0.1373292   0.1238779   0.1132293   0.1039812   0.0957633   0.0885197   0.0821916   0.0766831   0.0718840
  17.9003572   0.0436604   0.0639640   0.0739765   0.0780602   0.0788188   0.0777052   0.0755554   0.0728892   0.0700256   0.0671493
  18.0676503   0.0580617   0.0469476   0.0447697   0.0471226   0.0505443   0.0535160   0.0555664   0.0566812   0.0570119   0.0567458
  18.2349434   0.0119133   0.0230015   0.0279243   0.0307376   0.0334317   0.0363593   0.0392433   0.0417692   0.0437641   0.0451903
  18.4022364   0.0279005   0.0256922   0.0247625   0.0253813   0.0266527   0.0282752   0.0301432   0.0321173   0.0340363   0.0357694
  18.5695295   0.0239052   0.0241318   0.0248073   0.0251478   0.0254385   0.0258223   0.0264000   0.0272262   0.0282798   0.0294842
  18.7368225   0.0284344   0.0265709   0.0264883   0.0260817   0.0254741   0.0249745   0.0247203   0.0247577   0.0250982   0.0257177
  18.9041156   0.0323348   0.0289881   0.0261293   0.0244214   0.0235802   0.0231390   0.0229206   0.0229043   0.0231012   0.0235122
  19.0714086   0.0101367   0.0135958   0.0170678   0.0190349   0.0199621   0.0204873   0.0209245   0.0213747   0.0218631   0.0224033
  19.2387017   0.0218316   0.0194338   0.0180210   0.0177466   0.0182969   0.0191857   0.0201291   0.0210011   0.0217709   0.0224659
  19.4059948   0.0174139   0.0168788   0.0174694   0.0185532   0.0197140   0.0208230   0.0217807   0.0225684   0.0232416   0.0238746
  19.5732878   0.0111417   0.0190214   0.0224351   0.0242179   0.0251577   0.0255444   0.0256837   0.0258267   0.0261089   0.0265618
  19.7405809   0.0480399   0.0396863   0.0364176   0.0341400   0.0322109   0.0307513   0.0299016   0.0296487   0.0298580   0.0303633
  19.9078739   0.0466276   0.0426063   0.0389920   0.0357779   0.0336780   0.0328775   0.0330388   0.0337114   0.0345655   0.0354250
  20.0751670   0.0167515   0.0230371   0.0249553   0.0278671   0.0315320   0.0350052   0.0377872   0.0398049   0.0411925   0.0421324
  20.2424600   0.0033871   0.0138748   0.0254702   0.0353240   0.0421497   0.0462860   0.0485436   0.0496562   0.0501361   0.0502927
  20.4097531   0.0791775   0.0781934   0.0765444   0.0728577   0.0689209   0.0655440   0.0629251   0.0609894   0.0595757   0.0585248
  20.5770462   0.1609353   0.1296135   0.1087104   0.0936366   0.0831781   0.0761898   0.0716033   0.0685733   0.0665021   0.0650016
  20.7443392   0.0414705   0.0557345   0.0642715   0.0687719   0.0707764   0.0713559   0.0711757   0.0706027   0.0698318   0.0689741
  20.9116323   0.0186745   0.0311017   0.0427053   0.0530935   0.0610491   0.0663275   0.0693821   0.0708505   0.0713084   0.0711885
  21.0789253   0.0895748   0.0786325   0.0742521   0.0721761   0.0717275   0.0720561   0.0724932   0.0727544   0.0728055   0.0727088
  21.2462184   0.1107771   0.1013286   0.0950536   0.0888906   0.0834078   0.0792252   0.0764798   0.0749155   0.0741658   0.0739155
  21.4135115   0.0835555   0.0853518   0.0845979   0.0820089   0.0792151   0.0769646   0.0754961   0.0747986   0.0747188   0.0750422
  21.5808045   0.0688997   0.0619339   0.0608023   0.0631582   0.0665094   0.0695880   0.0720983   0.0741218   0.0757780   0.0771401
  21.7480976   0.0164155   0.0355591   0.0492014   0.0584803   0.0651391   0.0703442   0.0745059   0.0777019   0.0800183   0.0816174
  21.9153906   0.1013203   0.0902621   0.0844584   0.0823694   0.0829704   0.0846393   0.0862895   0.0874930   0.0882051   0.0885338
  22.0826837   0.1199687   0.1110287   0.1087465   0.1080917   0.1066049   0.1042944   0.1017253   0.0993377   0.0973322   0.0957389
  22.2499767   0.0901338   0.1229132   0.1305289   0.1281732   0.1223402   0.1159933   0.1104230   0.1060043   0.1026828   0.1002606
  22.4172698   0.2137644   0.1671174   0.1399268   0.1242192   0.1151384   0.1097092   0.1062477   0.1038744   0.1021612   0.1009153
  22.5845629   0.0397634   0.0538290   0.0698967   0.0802948   0.0870849   0.0917909   0.0950395   0.0971988   0.0986159   0.0995995
  22.7518559   0.0260792   0.0381669   0.0523600   0.0658279   0.0768076   0.0847793   0.0903604   0.0943775   0.0974437   0.0999224
  22.9191490   0.1251629   0.1115966   0.1035454   0.0989758   0.0966727   0.0963304   0.0974652   0.0995295   0.1020437   0.1046449
  23.0864420   0.1287390   0.1399833   0.1314592   0.1213737   0.1141838   0.1105454   0.1097114   0.1106245   0.1123981   0.1144290
  23.2537351   0.1072433   0.1058341   0.1070855   0.1116423   0.1166069   0.1206139   0.1235580   0.1256776   0.1271873   0.1282265
  23.4210282   0.0687674   0.0827770   0.1062828   0.1232430   0.1340427   0.1404323   0.1436741   0.1447782   0.1445499   0.1435775
  23.5883212   0.2300203   0.2087719   0.1917813   0.1824009   0.1765497   0.1720659   0.1680028   0.1640305   0.1601338   0.1564132
  23.7556143   0.1973984   0.2365259   0.2303116   0.2163925   0.2027517   0.1910767   0.1814955   0.1737216   0.1673788   0.1621423
  23.9229073   0.2184070   0.2045951   0.1972371   0.1922899   0.1860230   0.1791333   0.1726747   0.1670969   0.1624377   0.1586163
  24.0902004   0.1272013   0.1361444   0.1405272   0.1425487   0.1446933   0.1466926   0.1479911   0.1485129   0.1485438   0.1484880
  24.2574934   0.1016906   0.0899080   0.0932477   0.1017299   0.1108820   0.1188668   0.1252144   0.1302086   0.1344558   0.1385083
  24.4247865   0.0501587   0.0731474   0.0894414   0.0997770   0.1065598   0.1117515   0.1167834   0.1225387   0.1292674   0.1367681
  24.5920796   0.1654463   0.1531586   0.1378461   0.1270912   0.1210323   0.1197852   0.1232928   0.1305673   0.1401526   0.1507132
  24.7593726   0.1447576   0.1375673   0.1313002   0.1265276   0.1276747   0.1354777   0.1474011   0.1607871   0.1739574   0.1860638
  24.9266657   0.0769778   0.0824473   0.0981031   0.1265323   0.1584794   0.1861985   0.2076624   0.2235907   0.2352763   0.2438263
  25.0939587   0.0674198   0.1311281   0.2092706   0.2623597   0.2920790   0.3074837   0.3147702   0.3173953   0.3172469   0.3153921
  25.2612518   0.7316542   0.6720558   0.5918639   0.5304761   0.4868196   0.4553378   0.4315122   0.4123507   0.3960634   0.3816565
  25.4285449   0.6988306   0.7123475   0.6623490   0.6093813   0.5638001   0.5256898   0.4935874   0.4660911   0.4421361   0.4209665
  25.5958379   0.3952008   0.4113775   0.4630681   0.4937567   0.5010485   0.4933861   0.4779877   0.4593579   0.4399548   0.4210031
  25.7631310   0.5133248   0.4461010   0.4236268   0.4174647   0.4175918   0.4169441   0.4128701   0.4054171   0.3955536   0.3843059
  25.9304240   0.3336144   0.3603202   0.3537471   0.3421591   0.3341098   0.3306422   0.3296091   0.3288132   0.3270796   0.3240772
  26.0977171   0.1927332   0.2153641   0.2229518   0.2302603   0.2360379   0.2404694   0.2446292   0.2488723   0.2528823   0.2561971
  26.2650101   0.1166880   0.1145016   0.1298813   0.1434448   0.1540514   0.1630233   0.1711983   0.1790279   0.1865846   0.1936700
  26.4323032   0.1379071   0.1174007   0.1056498   0.1018076   0.1045873   0.1111015   0.1192328   0.1278038   0.1362802   0.1444275
  26.5995963   0.0365373   0.0493863   0.0608432   0.0695440   0.0768130   0.0836926   0.0905359   0.0973693   0.1041649   0.1109216
  26.7668893   0.0430624   0.0507255   0.0597901   0.0678000   0.0734924   0.0773701   0.0804463   0.0834925   0.0869252   0.0909140
  26.9341824   0.1165816   0.1100426   0.0998890   0.0909557   0.0846966   0.0807228   0.0784536   0.0775998   0.0780465   0.0796912
  27.1014754   0.1179562   0.1036169   0.0941152   0.0866500   0.0805432   0.0760089   0.0731619   0.0718967   0.0719989   0.0732287
  27.2687685   0.0238857   0.0411615   0.0506685   0.0560143   0.0591300   0.0613162   0.0633519   0.0655529   0.0679555   0.0705047
  27.4360616   0.0351147   0.0334321   0.0342022   0.0389367   0.0456799   0.0528146   0.0593689   0.0649251   0.0694341   0.0730330
  27.6033546   0.0272032   0.0332805   0.0415338   0.0497156   0.0578220   0.0651834   0.0712842   0.0759772   0.0793867   0.0817638
  27.7706477   0.0900070   0.0840420   0.0899450   0.0946707   0.0968937   0.0973850   0.0969700   0.0961555   0.0951829   0.0941641
  27.9379407   0.1850914   0.1767692   0.1628724   0.1499501   0.1384711   0.1286991   0.1206085   0.1140303   0.1087460   0.1045343
  28.1052338   0.1650319   0.1829162   0.1704361   0.1563790   0.1441793   0.1339176   0.1253350   0.1182126   0.1123809   0.1076937
  28.2725268   0.0890643   0.1000606   0.1063657   0.1107938   0.1122605   0.1115682   0.1096965   0.1073454   0.1049694   0.1028509
  28.4398199   0.0561901   0.0578662   0.0655521   0.0726370   0.0788719   0.0839644   0.0878036   0.0905951   0.0926543   0.0942982
  28.6071130   0.0823033   0.0652511   0.0604435   0.0611030   0.0644499   0.0690450   0.0741461   0.0792583   0.0841354   0.0888020
  28.7744060   0.0315846   0.0486126   0.0586840   0.0628358   0.0658665   0.0697238   0.0745239   0.0799771   0.0859642   0.0925837
  28.9416991   0.1147865   0.0872370   0.0768598   0.0766120   0.0802406   0.0846456   0.0893432   0.0948621   0.1018470   0.1106715
  29.1089921   0.0410690   0.0715874   0.0944345   0.1052437   0.1101641   0.1136659   0.1182958   0.1255000   0.1358049   0.1489936
  29.2762852   0.2262415   0.1895733   0.1661519   0.1552693   0.1521440   0.1553757   0.1646293   0.1789777   0.1969442   0.2169870
  29.4435783   0.1339276   0.1736310   0.1826508   0.1888645   0.2013504   0.2215122   0.2468139   0.2741462   0.3011875   0.3265377
  29.6108713   0.1851716   0.1979335   0.2268853   0.2697398   0.3178154   0.3633108   0.4029202   0.4359145   0.4626313   0.4838280
  29.7781644   0.3879607   0.4108418   0.4873463   0.5525912   0.5995456   0.6320005   0.6535488   0.6668989   0.6741851   0.6771199
  29.9454574   1.1198411   1.1270022   1.0807274   1.0396484   1.0045865   0.9737579   0.9455592   0.9192534   0.8947007   0.8718773
  30.1127505   1.4650673   1.5480713   1.4663765   1.3779240   1.2981640   1.2271387   1.1647420   1.1106442   1.0638802   1.0230875
  30.2800435   1.3831113   1.4006980   1.4034923   1.3786807   1.3337372   1.2819897   1.2310263   1.1835368   1.1397529   1.0990770
  30.4473366   1.4040635   1.2704808   1.2185845   1.1961074   1.1859283   1.1775285   1.1653135   1.1474761   1.1243108   1.0969799
  30.6146297   0.7688361   0.8595742   0.9210136   0.9698394   1.0103080   1.0393849   1.0552675   1.0585198   1.0512149   1.0358987
  30.7819227   0.7718461   0.8061310   0.8699334   0.9185123   0.9468751   0.9598390   0.9625953   0.9584200   0.9491360   0.9358947
  30.9492158   1.2882993   1.1604245   1.0687740   0.9946118   0.9373256   0.8945159   0.8627576   0.8389172   0.8203617   0.8049911
  31.1165088   0.9872806   0.9583020   0.8907303   0.8233215   0.7675159   0.7247018   0.6934167   0.6713566   0.6561949   0.6458613
  31.2838019   0.2545106   0.3111269   0.3689622   0.4117328   0.4373359   0.4510441   0.4582930   0.4627946   0.4666096   0.4706461
  31.4510950   0.0032612   0.0269670   0.0667225   0.1140950   0.1612233   0.2025514   0.2363959   0.2635427   0.2856048   0.3041165
  31.6183880   0.0000002   0.0003155   0.0042850   0.0163245   0.0370193   0.0636825   0.0926130   0.1209718   0.1472998   0.1711843
  31.7856811   0.0000000   0.0000004   0.0000819   0.0011196   0.0051279   0.0137587   0.0271469   0.0441418   0.0631814   0.0829459
  31.9529741   0.0000000   0.0000000   0.0000004   0.0000347   0.0004160   0.0020119   0.0058946   0.0126967   0.0223590   0.0343312
  32.1202672   0.0000000   0.0000000   0.0000000   0.0000005   0.0000193   0.0001965   0.0009407   0.0028621   0.0064945   0.0120771
  32.2875602   0.0000000   0.0000000   0.0000000   0.0000000   0.0000005   0.0000127   0.0001096   0.0005033   0.0015427   0.0035987
  32.4548533   0.0000000   0.0000000   0.0000000   0.0000000   0.0000000   0.0000005   0.0000093   0.0000688   0.0002988   0.0009061
  32.6221464   0.0000000   0.0000000   0.0000000   0.0000000   0.0000000   0.0000000   0.0000006   0.0000073   0.0000471   0.0001924
  32.7894394   0.0000000   0.0000000   0.0000000   0.0000000   0.0000000   0.0000000   0.0000000   0.0000006   0.0000060   0.0000344
  32.9567325   0.0000000   0.0000000   0.0000000   0.0000000   0.0000000   0.0000000   0.0000000   0.0000000   0.0000006   0.0000052
  33.1240255   0.0000000   0.0000000   0.0000000   0.0000000   0.0000000   0.0000000   0.0000000   0.0000000   0.0000001   0.0000007
  33.2913186   0.0000000   0.0000000   0.0000000   0.0000000   0.0000000   0.0000000   0.0000000   0.0000000   0.0000000   0.0000001
  33.4586117   0.0000000   0.0000000   0.0000000   0.0000000   0.0000000   0.0000000   0.0000000   0.0000000   0.0000000   0.0000000
  33.6259047   0.0000000   0.0000000   0.0000000   0.0000000   0.0000000   0.0000000   0.0000000   0.0000000   0.0000000   0.0000000
  33.7931978   0.0000000   0.0000000   0.0000000   0.0000000   0.0000000   0.0000000   0.0000000   0.0000000   0.0000000   0.0000000
  33.9604908   0.0000000   0.0000000   0.0000000   0.0000000   0.0000000   0.0000000   0.0000000   0.0000000   0.0000000   0.0000000
  34.1277839   0.0000000   0.0000000   0.0000000   0.0000000   0.0000000   0.0000000   0.0000000   0.0000000   0.0000000   0.0000000
  34.2950769   0.0000000   0.0000000   0.0000000   0.0000000   0.0000000   0.0000000   0.0000000   0.0000000   0.0000000   0.0000000
  34.4623700   0.0000000   0.0000000   0.0000000   0.0000000   0.0000000   0.0000000   0.0000000   0.0000000   0.0000000   0.0000000
  34.6296631   0.0000000   0.0000000   0.0000000   0.0000000   0.0000000   0.0000000   0.0000000   0.0000000   0.0000000   0.0000000
  34.7969561   0.0000000   0.0000000   0.0000000   0.0000000   0.0000000   0.0000000   0.0000000   0.0000000   0.0000000   0.0000000
  34.9642492   0.0000000   0.0000000   0.0000000   0.0000000   0.0000000   0.0000000   0.0000000   0.0000000   0.0000000   0.0000000
  35.1315422   0.0000000   0.0000000   0.0000000   0.0000000   0.0000000   0.0000000   0.0000000   0.0000000   0.0000000   0.0000000
  35.2988353   0.0000000   0.0000000   0.0000000   0.0000000   0.0000000   0.0000000   0.0000000   0.0000000   0.0000000   0.0000000
  35.4661284   0.0000000   0.0000000   0.0000000   0.0000000   0.0000000   0.0000000   0.0000000   0.0000000   0.0000000   0.0000000
  35.6334214   0.0000000   0.0000000   0.0000000   0.0000000   0.0000000   0.0000000   0.0000000   0.0000000   0.0000000   0.0000000
  35.8007145   0.0000000   0.0000000   0.0000000   0.0000000   0.0000000   0.0000000   0.0000000   0.0000000   0.0000000   0.0000000
  35.9680075   0.0000000   0.0000000   0.0000000   0.0000000   0.0000000   0.0000000   0.0000000   0.0000000   0.0000000   0.0000000
  36.1353006   0.0000000   0.0000000   0.0000000   0.0000000   0.0000000   0.0000000   0.0000000   0.0000000   0.0000000   0.0000000
  36.3025936   0.0000000   0.0000000   0.0000000   0.0000000   0.0000000   0.0000000   0.0000000   0.0000000   0.0000000   0.0000000
  36.4698867   0.0000000   0.0000000   0.0000000   0.0000000   0.0000000   0.0000000   0.0000000   0.0000000   0.0000000   0.0000000
  36.6371798   0.0000000   0.0000000   0.0000000   0.0000000   0.0000000   0.0000000   0.0000000   0.0000000   0.0000000   0.0000000
  36.8044728   0.0000000   0.0000000   0.0000000   0.0000000   0.0000000   0.0000000   0.0000000   0.0000000   0.0000000   0.0000000
  36.9717659   0.0000000   0.0000000   0.0000000   0.0000000   0.0000000   0.0000000   0.0000000   0.0000000   0.0000000   0.0000000
  37.1390589   0.0000000   0.0000000   0.0000000   0.0000000   0.0000000   0.0000000   0.0000000   0.0000000   0.0000000   0.0000000
  37.3063520   0.0000000   0.0000000   0.0000000   0.0000000   0.0000000   0.0000000   0.0000000   0.0000000   0.0000000   0.0000000
  37.4736451   0.0000000   0.0000000   0.0000000   0.0000000   0.0000000   0.0000000   0.0000000   0.0000000   0.0000000   0.0000000
  37.6409381   0.0000000   0.0000000   0.0000000   0.0000000   0.0000000   0.0000000   0.0000000   0.0000000   0.0000000   0.0000000
  37.8082312   0.0000000   0.0000000   0.0000000   0.0000000   0.0000000   0.0000000   0.0000000   0.0000000   0.0000000   0.0000000
  37.9755242   0.0000000   0.0000000   0.0000000   0.0000000   0.0000000   0.0000000   0.0000000   0.0000000   0.0000000   0.0000000
  38.1428173   0.0000000   0.0000000   0.0000000   0.0000000   0.0000000   0.0000000   0.0000000   0.0000000   0.0000000   0.0000000
  38.3101103   0.0000000   0.0000000   0.0000000   0.0000000   0.0000000   0.0000000   0.0000000   0.0000000   0.0000000   0.0000000
  38.4774034   0.0000000   0.0000000   0.0000000   0.0000000   0.0000000   0.0000000   0.0000000   0.0000000   0.0000000   0.0000000
  38.6446965   0.0000000   0.0000000   0.0000000   0.0000000   0.0000000   0.0000000   0.0000000   0.0000000   0.0000000   0.0000000
  38.8119895   0.0000000   0.0000000   0.0000000   0.0000000   0.0000000   0.0000000   0.0000000   0.0000000   0.0000000   0.0000000
  38.9792826   0.0000000   0.0000000   0.0000000   0.0000000   0.0000000   0.0000000   0.0000000   0.0000000   0.0000000   0.0000000
  39.1465756   0.0000000   0.0000000   0.0000000   0.0000000   0.0000000   0.0000000   0.0000000   0.0000000   0.0000000   0.0000000
  39.3138687   0.0000000   0.0000000   0.0000000   0.0000000   0.0000000   0.0000000   0.0000000   0.0000000   0.0000000   0.0000000
  39.4811617   0.0000000   0.0000000   0.0000000   0.0000000   0.0000000   0.0000000   0.0000000   0.0000000   0.0000000   0.0000000
  39.6484548   0.0000000   0.0000000   0.0000000   0.0000000   0.0000000   0.0000000   0.0000000   0.0000000   0.0000000   0.0000000
  39.8157479   0.0000000   0.0000000   0.0000000   0.0000000   0.0000000   0.0000000   0.0000000   0.0000000   0.0000000   0.0000000
  39.9830409   0.0000000   0.0000000   0.0000000   0.0000000   0.0000000   0.0000000   0.0000000   0.0000000   0.0000000   0.0000000
  40.1503340   0.0000000   0.0000000   0.0000000   0.0000000   0.0000000   0.0000000   0.0000000   0.0000000   0.0000000   0.0000000
  40.3176270   0.0000000   0.0000000   0.0000000   0.0000000   0.0000000   0.0000000   0.0000000   0.0000000   0.0000000   0.0000000
  40.4849201   0.0000000   0.0000000   0.0000000   0.0000000   0.0000000   0.0000000   0.0000000   0.0000000   0.0000000   0.0000000
  40.6522132   0.0000000   0.0000000   0.0000000   0.0000000   0.0000000   0.0000000   0.0000000   0.0000000   0.0000000   0.0000000
  40.8195062   0.0000000   0.0000000   0.0000000   0.0000000   0.0000000   0.0000000   0.0000000   0.0000000   0.0000000   0.0000000
  40.9867993   0.0000000   0.0000000   0.0000000   0.0000000   0.0000000   0.0000000   0.0000000   0.0000000   0.0000000   0.0000000
  41.1540923   0.0000000   0.0000000   0.0000000   0.0000000   0.0000000   0.0000000   0.0000000   0.0000000   0.0000000   0.0000000
  41.3213854   0.0000000   0.0000000   0.0000000   0.0000000   0.0000000   0.0000000   0.0000000   0.0000000   0.0000000   0.0000000
  41.4886784   0.0000000   0.0000000   0.0000000   0.0000000   0.0000000   0.0000000   0.0000000   0.0000000   0.0000000   0.0000000
  41.6559715   0.0000000   0.0000000   0.0000000   0.0000000   0.0000000   0.0000000   0.0000000   0.0000000   0.0000000   0.0000000
  41.8232646   0.0000000   0.0000000   0.0000000   0.0000000   0.0000000   0.0000000   0.0000000   0.0000000   0.0000000   0.0000000
  41.9905576   0.0000000   0.0000000   0.0000000   0.0000000   0.0000000   0.0000000   0.0000000   0.0000000   0.0000000   0.0000002
  42.1578507   0.0000000   0.0000000   0.0000000   0.0000000   0.0000000   0.0000000   0.0000000   0.0000000   0.0000002   0.0000019
  42.3251437   0.0000000   0.0000000   0.0000000   0.0000000   0.0000000   0.0000000   0.0000000   0.0000002   0.0000022   0.0000135
  42.4924368   0.0000000   0.0000000   0.0000000   0.0000000   0.0000000   0.0000000   0.0000002   0.0000024   0.0000179   0.0000785
  42.6597299   0.0000000   0.0000000   0.0000000   0.0000000   0.0000000   0.0000001   0.0000028   0.0000250   0.0001192   0.0003824
  42.8270229   0.0000000   0.0000000   0.0000000   0.0000000   0.0000001   0.0000034   0.0000376   0.0001957   0.0006426   0.0015662
  42.9943160   0.0000000   0.0000000   0.0000000   0.0000000   0.0000043   0.0000625   0.0003550   0.0011773   0.0028084   0.0054076
  43.1616090   0.0000000   0.0000000   0.0000000   0.0000058   0.0001195   0.0007344   0.0023993   0.0054694   0.0099947   0.0158011
  43.3289021   0.0000000   0.0000000   0.0000088   0.0002813   0.0018125   0.0055763   0.0117075   0.0197679   0.0291460   0.0392735
  43.4961951   0.0000000   0.0000164   0.0009164   0.0056772   0.0151641   0.0277367   0.0417689   0.0561552   0.0702072   0.0835796
  43.6634882   0.0000496   0.0051334   0.0243115   0.0487735   0.0718642   0.0926258   0.1110289   0.1271231   0.1411921   0.1536374
  43.8307813   0.0712533   0.1428152   0.1726109   0.1895597   0.2038557   0.2159585   0.2256681   0.2336084   0.2405231   0.2468421
  43.9980743   0.5335182   0.4380435   0.4043469   0.3910603   0.3805569   0.3707577   0.3628670   0.3574335   0.3540818   0.3520790
  44.1653674   0.4785549   0.5656740   0.5727839   0.5488025   0.5214156   0.4994436   0.4835485   0.4718753   0.4625575   0.4543784
  44.3326604   0.8240655   0.6807312   0.6152765   0.5887702   0.5796870   0.5754254   0.5702235   0.5625136   0.5525475   0.5410668
  44.4999535   0.3399666   0.4349463   0.5250476   0.5880680   0.6229600   0.6371308   0.6377949   0.6302698   0.6180936   0.6034490
  44.6672466   0.6559672   0.7484811   0.7583530   0.7450675   0.7271179   0.7081240   0.6892417   0.6707820   0.6526301   0.6345941
  44.8345396   1.3495010   1.0701193   0.9223351   0.8277220   0.7638938   0.7206136   0.6901863   0.6670060   0.6474923   0.6296123
  45.0018327   0.4342549   0.5419534   0.6080626   0.6321935   0.6368152   0.6327173   0.6244797   0.6140739   0.6023718   0.5898015
  45.1691257   0.3799361   0.3813656   0.4141205   0.4607344   0.4985451   0.5213630   0.5316122   0.5334164   0.5301204   0.5239091
  45.3364188   0.4009046   0.4532810   0.4623626   0.4562129   0.4508931   0.4489148   0.4483123   0.4474380   0.4456984   0.4431044
  45.5037118   0.6747867   0.5509529   0.4754925   0.4270282   0.3947692   0.3744928   0.3631957   0.3578916   0.3561053   0.3561506
  45.6710049   0.1393773   0.2097489   0.2437698   0.2565257   0.2598399   0.2600467   0.2603721   0.2622130   0.2657637   0.2706024
  45.8382980   0.0438335   0.0559526   0.0756572   0.1016518   0.1259862   0.1456989   0.1612419   0.1740530   0.1853645   0.1958730
  46.0055910   0.0360260   0.0343577   0.0406071   0.0511447   0.0653035   0.0816847   0.0983876   0.1141433   0.1284868   0.1414490
  46.1728841   0.0446902   0.0565050   0.0576188   0.0582155   0.0621747   0.0695928   0.0793619   0.0901579   0.1009933   0.1113630
  46.3401771   0.0987637   0.0777804   0.0759979   0.0797079   0.0834435   0.0864948   0.0894132   0.0927442   0.0966991   0.1012515
  46.5074702   0.0637728   0.1011427   0.1142281   0.1173200   0.1157977   0.1122068   0.1080918   0.1044921   0.1020316   0.1009616
  46.6747633   0.2182143   0.1920657   0.1679602   0.1497924   0.1360281   0.1251093   0.1162973   0.1093043   0.1040289   0.1004135
  46.8420563   0.1549806   0.1348682   0.1298212   0.1232647   0.1159833   0.1094871   0.1042103   0.1000806   0.0969556   0.0947641
  47.0093494   0.0470130   0.0504041   0.0585069   0.0658911   0.0720339   0.0767174   0.0801184   0.0825768   0.0844303   0.0859514
  47.1766424   0.0080232   0.0166261   0.0246989   0.0349926   0.0456622   0.0552229   0.0632594   0.0699029   0.0754010   0.0799636
  47.3439355   0.0212596   0.0337380   0.0430322   0.0492468   0.0542894   0.0595849   0.0653869   0.0713337   0.0769872   0.0820412
  47.5112285   0.1268239   0.1064142   0.0924233   0.0843468   0.0812908   0.0815786   0.0837695   0.0868577   0.0901667   0.0932655
  47.6785216   0.0931077   0.0947947   0.1002280   0.1047216   0.1077577   0.1094305   0.1102046   0.1104591   0.1104056   0.1101457
  47.8458147   0.1102855   0.1169193   0.1311167   0.1385996   0.1408813   0.1401310   0.1376062   0.1341028   0.1301948   0.1262836
  48.0131077   0.2689804   0.2276753   0.2002773   0.1837142   0.1727465   0.1639575   0.1559400   0.1483614   0.1412873   0.1348525
  48.1804008   0.1370382   0.1775562   0.1861174   0.1818797   0.1727803   0.1627490   0.1533403   0.1450035   0.1377563   0.1314782
  48.3476938   0.1787348   0.1637296   0.1500581   0.1425773   0.1369151   0.1318038   0.1272431   0.1232783   0.1198046   0.1166719
  48.5149869   0.0528809   0.0722690   0.0771287   0.0794727   0.0825673   0.0863555   0.0899534   0.0928104   0.0947777   0.0959143
  48.6822800   0.0000842   0.0039833   0.0149915   0.0287150   0.0416230   0.0524430   0.0610779   0.0677580   0.0727825   0.0764543
  48.8495730   0.0005909   0.0096826   0.0228572   0.0330447   0.0406291   0.0466492   0.0516824   0.0559949   0.0596945   0.0628320
  49.0168661   0.1105256   0.0988386   0.0823110   0.0698979   0.0617524   0.0569379   0.0544857   0.0536451   0.0538777   0.0547865
  49.1841591   0.0766569   0.0849016   0.0784056   0.0708327   0.0639816   0.0583116   0.0540653   0.0512548   0.0497036   0.0491467
  49.3514522   0.0128583   0.0250672   0.0359954   0.0425531   0.0451350   0.0455241   0.0450029   0.0442832   0.0437139   0.0434352
  49.5187452   0.0447434   0.0335768   0.0273594   0.0263488   0.0284836   0.0314193   0.0339506   0.0357471   0.0368913   0.0375948
  49.6860383   0.0006158   0.0062138   0.0133578   0.0185614   0.0224173   0.0256396   0.0283215   0.0303878   0.0318444   0.0327956
  49.8533314   0.0180036   0.0237774   0.0256078   0.0271651   0.0281287   0.0285556   0.0287765   0.0289792   0.0291893   0.0293790
  50.0206244   0.0518645   0.0517900   0.0459873   0.0401524   0.0355599   0.0321901   0.0297705   0.0280856   0.0269738   0.0262962
  50.1879175   0.0512813   0.0408270   0.0364811   0.0332545   0.0303241   0.0277812   0.0257140   0.0241319   0.0230122   0.0223110
  50.3552105   0.0008500   0.0060233   0.0108377   0.0139299   0.0157416   0.0166448   0.0170068   0.0171375   0.0172397   0.0174174
  50.5225036   0.0000001   0.0000807   0.0009193   0.0026989   0.0048143   0.0068696   0.0087274   0.0103623   0.0117865   0.0130266
  50.6897967   0.0000000   0.0000001   0.0000263   0.0003321   0.0013091   0.0029831   0.0050556   0.0071927   0.0091755   0.0109084
  50.8570897   0.0000000   0.0000197   0.0004044   0.0016017   0.0033860   0.0053504   0.0072564   0.0090051   0.0105587   0.0119056
  51.0243828   0.0001437   0.0025863   0.0067122   0.0102020   0.0124479   0.0136901   0.0143482   0.0147420   0.0150455   0.0153283
  51.1916758   0.0300158   0.0319481   0.0309926   0.0287846   0.0264052   0.0243221   0.0226159   0.0212452   0.0201585   0.0193112
  51.3589689   0.0645786   0.0535759   0.0439608   0.0372556   0.0326999   0.0294348   0.0269326   0.0249196   0.0232579   0.0218739
  51.5262619   0.0077704   0.0167983   0.0229135   0.0259806   0.0268108   0.0264256   0.0254851   0.0243344   0.0231408   0.0219853
  51.6935550   0.0134561   0.0166169   0.0176137   0.0188811   0.0200277   0.0207379   0.0209777   0.0208398   0.0204400   0.0198783
  51.8608481   0.0256228   0.0223372   0.0188344   0.0168224   0.0161065   0.0160992   0.0163240   0.0165202   0.0165875   0.0165108
  52.0281411   0.0043977   0.0065213   0.0096796   0.0113422   0.0119265   0.0121258   0.0122818   0.0124697   0.0126613   0.0128157
  52.1954342   0.0131521   0.0105008   0.0090090   0.0085239   0.0085103   0.0086076   0.0087326   0.0088988   0.0091110   0.0093515
  52.3627272   0.0040750   0.0059310   0.0059239   0.0056010   0.0054261   0.0054508   0.0055995   0.0058153   0.0060783   0.0063811
  52.5300203   0.0000047   0.0002934   0.0010782   0.0018178   0.0023268   0.0026938   0.0030159   0.0033405   0.0036863   0.0040613
  52.6973134   0.0000000   0.0000012   0.0000490   0.0002493   0.0005744   0.0009359   0.0013037   0.0016876   0.0020975   0.0025332
  52.8646064   0.0000000   0.0000000   0.0000006   0.0000170   0.0001030   0.0003047   0.0006184   0.0010117   0.0014502   0.0019078
  53.0318995   0.0000000   0.0000001   0.0000080   0.0000764   0.0002639   0.0005714   0.0009593   0.0013808   0.0018021   0.0022070
  53.1991925   0.0000001   0.0000362   0.0003152   0.0008451   0.0014494   0.0019966   0.0024381   0.0027827   0.0030582   0.0032895
  53.3664856   0.0004398   0.0020230   0.0033089   0.0041660   0.0046495   0.0048606   0.0049143   0.0048939   0.0048465   0.0047948
  53.5337786   0.0138015   0.0117036   0.0106919   0.0096679   0.0087291   0.0079626   0.0073660   0.0068984   0.0065196   0.0062022
  53.7010717   0.0191444   0.0152680   0.0128755   0.0111520   0.0099623   0.0091184   0.0084694   0.0079302   0.0074592   0.0070379
  53.8683648   0.0017106   0.0044668   0.0062902   0.0074688   0.0080432   0.0081774   0.0080471   0.0077766   0.0074419   0.0070869
  54.0356578   0.0020025   0.0045628   0.0057770   0.0064448   0.0068140   0.0069653   0.0069553   0.0068354   0.0066481   0.0064253
  54.2029509   0.0167138   0.0113989   0.0086407   0.0070847   0.0062440   0.0058165   0.0055992   0.0054736   0.0053804   0.0052940
  54.3702439   0.0005174   0.0024325   0.0036147   0.0039756   0.0039806   0.0039070   0.0038647   0.0038746   0.0039226   0.0039880
  54.5375370   0.0000001   0.0000431   0.0003741   0.0009299   0.0014421   0.0018276   0.0021222   0.0023728   0.0026030   0.0028178
  54.7048301   0.0000000   0.0000001   0.0000107   0.0001046   0.0003478   0.0006991   0.0010804   0.0014418   0.0017667   0.0020548
  54.8721231   0.0000000   0.0000041   0.0000611   0.0002219   0.0004652   0.0007511   0.0010463   0.0013284   0.0015878   0.0018239
  55.0394162   0.0000391   0.0003907   0.0009056   0.0013281   0.0015846   0.0017176   0.0017946   0.0018632   0.0019434   0.0020374
  55.2067092   0.0038637   0.0041040   0.0039315   0.0035818   0.0032282   0.0029371   0.0027243   0.0025824   0.0024972   0.0024538
  55.3740023   0.0083815   0.0064087   0.0051631   0.0043242   0.0037840   0.0034450   0.0032217   0.0030594   0.0029312   0.0028259
  55.5412953   0.0003331   0.0013299   0.0021284   0.0026937   0.0030423   0.0032088   0.0032471   0.0032057   0.0031199   0.0030134
  55.7085884   0.0001317   0.0010354   0.0019852   0.0026250   0.0029913   0.0031612   0.0032024   0.0031649   0.0030826   0.0029773
  55.8758815   0.0089226   0.0065720   0.0051096   0.0041989   0.0036442   0.0033099   0.0030976   0.0029465   0.0028241   0.0027150
  56.0431745   0.0022417   0.0035569   0.0036137   0.0033296   0.0030109   0.0027469   0.0025533   0.0024172   0.0023197   0.0022447
  56.2104676   0.0000021   0.0001605   0.0006348   0.0010969   0.0013901   0.0015395   0.0016045   0.0016297   0.0016391   0.0016425
  56.3777606   0.0000067   0.0000226   0.0000561   0.0001755   0.0003694   0.0005714   0.0007413   0.0008713   0.0009685   0.0010426
  56.5450537   0.0001181   0.0000787   0.0000593   0.0000552   0.0000846   0.0001572   0.0002589   0.0003691   0.0004739   0.0005677
  56.7123468   0.0000077   0.0000234   0.0000298   0.0000307   0.0000323   0.0000447   0.0000768   0.0001286   0.0001938   0.0002650
  56.8796398   0.0000000   0.0000006   0.0000037   0.0000080   0.0000116   0.0000153   0.0000231   0.0000399   0.0000683   0.0001071
  57.0469329   0.0000000   0.0000000   0.0000001   0.0000009   0.0000025   0.0000045   0.0000071   0.0000120   0.0000218   0.0000383
  57.2142259   0.0000000   0.0000000   0.0000000   0.0000000   0.0000003   0.0000009   0.0000019   0.0000035   0.0000066   0.0000125
  57.3815190   0.0000000   0.0000000   0.0000000   0.0000000   0.0000000   0.0000001   0.0000004   0.0000009   0.0000019   0.0000038
  57.5488120   0.0000000   0.0000000   0.0000000   0.0000000   0.0000000   0.0000000   0.0000001   0.0000002   0.0000005   0.0000011
  57.7161051   0.0000000   0.0000000   0.0000000   0.0000000   0.0000000   0.0000000   0.0000000   0.0000000   0.0000001   0.0000003
  57.8833982   0.0000000   0.0000000   0.0000000   0.0000000   0.0000000   0.0000000   0.0000000   0.0000000   0.0000000   0.0000001
  58.0506912   0.0000000   0.0000000   0.0000000   0.0000000   0.0000000   0.0000000   0.0000000   0.0000000   0.0000000   0.0000000
  58.2179843   0.0000000   0.0000000   0.0000000   0.0000000   0.0000000   0.0000000   0.0000000   0.0000000   0.0000000   0.0000000
  58.3852773   0.0000000   0.0000000   0.0000000   0.0000000   0.0000000   0.0000000   0.0000000   0.0000000   0.0000000   0.0000000
  58.5525704   0.0000000   0.0000000   0.0000000   0.0000000   0.0000000   0.0000000   0.0000000   0.0000000   0.0000000   0.0000000
  58.7198634   0.0000000   0.0000000   0.0000000   0.0000000   0.0000000   0.0000000   0.0000000   0.0000000   0.0000000   0.0000000
  58.8871565   0.0000000   0.0000000   0.0000000   0.0000000   0.0000000   0.0000000   0.0000000   0.0000000   0.0000000   0.0000000
  59.0544496   0.0000000   0.0000000   0.0000000   0.0000000   0.0000000   0.0000000   0.0000000   0.0000000   0.0000000   0.0000000
  59.2217426   0.0000000   0.0000000   0.0000000   0.0000000   0.0000000   0.0000000   0.0000000   0.0000000   0.0000000   0.0000000
  59.3890357   0.0000000   0.0000000   0.0000000   0.0000000   0.0000000   0.0000000   0.0000000   0.0000000   0.0000000   0.0000000
  59.5563287   0.0000000   0.0000000   0.0000000   0.0000000   0.0000000   0.0000000   0.0000000   0.0000000   0.0000000   0.0000000
  59.7236218   0.0000000   0.0000000   0.0000000   0.0000000   0.0000000   0.0000000   0.0000000   0.0000000   0.0000000   0.0000000
  59.8909149   0.0000000   0.0000000   0.0000000   0.0000000   0.0000000   0.0000000   0.0000000   0.0000000   0.0000000   0.0000000
  60.0582079   0.0000000   0.0000000   0.0000000   0.0000000   0.0000000   0.0000000   0.0000000   0.0000000   0.0000000   0.0000000
  60.2255010   0.0000000   0.0000000   0.0000000   0.0000000   0.0000000   0.0000000   0.0000000   0.0000000   0.0000000   0.0000000
  60.3927940   0.0000000   0.0000000   0.0000000   0.0000000   0.0000000   0.0000000   0.0000000   0.0000000   0.0000000   0.0000000
  60.5600871   0.0000000   0.0000000   0.0000000   0.0000000   0.0000000   0.0000000   0.0000000   0.0000000   0.0000000   0.0000000
  60.7273801   0.0000000   0.0000000   0.0000000   0.0000000   0.0000000   0.0000000   0.0000000   0.0000000   0.0000000   0.0000000
  60.8946732   0.0000000   0.0000000   0.0000000   0.0000000   0.0000000   0.0000000   0.0000000   0.0000000   0.0000000   0.0000000
  61.0619663   0.0000000   0.0000000   0.0000000   0.0000000   0.0000000   0.0000000   0.0000000   0.0000000   0.0000000   0.0000000
  61.2292593   0.0000000   0.0000000   0.0000000   0.0000000   0.0000000   0.0000000   0.0000000   0.0000000   0.0000000   0.0000000
  61.3965524   0.0000000   0.0000000   0.0000000   0.0000000   0.0000000   0.0000000   0.0000000   0.0000000   0.0000000   0.0000000
  61.5638454   0.0000000   0.0000000   0.0000000   0.0000000   0.0000000   0.0000000   0.0000000   0.0000000   0.0000000   0.0000000
  61.7311385   0.0000000   0.0000000   0.0000000   0.0000000   0.0000000   0.0000000   0.0000000   0.0000000   0.0000000   0.0000000
  61.8984316   0.0000000   0.0000000   0.0000000   0.0000000   0.0000000   0.0000000   0.0000000   0.0000000   0.0000000   0.0000000
  62.0657246   0.0000000   0.0000000   0.0000000   0.0000000   0.0000000   0.0000000   0.0000000   0.0000000   0.0000000   0.0000000
  62.2330177   0.0000000   0.0000000   0.0000000   0.0000000   0.0000000   0.0000000   0.0000000   0.0000000   0.0000000   0.0000000
  62.4003107   0.0000000   0.0000000   0.0000000   0.0000000   0.0000000   0.0000000   0.0000000   0.0000000   0.0000000   0.0000000
  62.5676038   0.0000000   0.0000000   0.0000000   0.0000000   0.0000000   0.0000000   0.0000000   0.0000000   0.0000000   0.0000000
  62.7348968   0.0000000   0.0000000   0.0000000   0.0000000   0.0000000   0.0000000   0.0000000   0.0000000   0.0000000   0.0000000
  62.9021899   0.0000000   0.0000000   0.0000000   0.0000000   0.0000000   0.0000000   0.0000000   0.0000000   0.0000000   0.0000001
  63.0694830   0.0000000   0.0000000   0.0000000   0.0000000   0.0000000   0.0000000   0.0000000   0.0000000   0.0000001   0.0000005
  63.2367760   0.0000000   0.0000000   0.0000000   0.0000000   0.0000000   0.0000000   0.0000000   0.0000000   0.0000006   0.0000037
  63.4040691   0.0000000   0.0000000   0.0000000   0.0000000   0.0000000   0.0000000   0.0000000   0.0000006   0.0000047   0.0000220
  63.5713621   0.0000000   0.0000000   0.0000000   0.0000000   0.0000000   0.0000000   0.0000007   0.0000064   0.0000328   0.0001108
  63.7386552   0.0000000   0.0000000   0.0000000   0.0000000   0.0000000   0.0000008   0.0000094   0.0000524   0.0001833   0.0004677
  63.9059483   0.0000000   0.0000000   0.0000000   0.0000000   0.0000011   0.0000153   0.0000925   0.0003300   0.0008322   0.0016597
  64.0732413   0.0000000   0.0000000   0.0000000   0.0000016   0.0000287   0.0001855   0.0006599   0.0016092   0.0030671   0.0049584
  64.2405344   0.0000000   0.0000000   0.0000032   0.0000679   0.0004431   0.0015043   0.0034297   0.0060871   0.0091983   0.0125070
  64.4078274   0.0000000   0.0000102   0.0002283   0.0013392   0.0040236   0.0081488   0.0129978   0.0179110   0.0225364   0.0267576
  64.5751205   0.0000862   0.0013183   0.0054747   0.0128923   0.0215683   0.0295389   0.0360662   0.0412549   0.0454426   0.0489113
  64.7424135   0.0140894   0.0305547   0.0481378   0.0610240   0.0683935   0.0721173   0.0740924   0.0753797   0.0763976   0.0772510
  64.9097066   0.1765854   0.1700393   0.1571343   0.1421322   0.1299379   0.1214767   0.1158897   0.1121084   0.1093374   0.1070818
  65.0769997   0.2781659   0.2219929   0.1888635   0.1700768   0.1592092   0.1520177   0.1464477   0.1415946   0.1370787   0.1327732
  65.2442927   0.0219073   0.0804992   0.1258249   0.1506214   0.1616035   0.1647072   0.1634831   0.1599277   0.1552230   0.1500979
  65.4115858   0.2465098   0.2082376   0.1889951   0.1815016   0.1784864   0.1757537   0.1719985   0.1673252   0.1622128   0.1570775
  65.5788788   0.2303284   0.2285817   0.2151515   0.1997233   0.1863630   0.1760295   0.1682908   0.1624296   0.1578235   0.1540208
  65.7461719   0.1426823   0.1586633   0.1623297   0.1603868   0.1556114   0.1508799   0.1475422   0.1456240   0.1446398   0.1440854
  65.9134650   0.1177285   0.1063621   0.0999282   0.1011645   0.1071695   0.1142937   0.1207078   0.1259573   0.1300841   0.1332142
  66.0807580   0.0017074   0.0176649   0.0432288   0.0663031   0.0843549   0.0983071   0.1090118   0.1170822   0.1230570   0.1273968
  66.2480511   0.0641973   0.0949743   0.1041459   0.1090834   0.1134216   0.1173938   0.1209666   0.1240528   0.1265635   0.1284750
  66.4153441   0.2619213   0.2169653   0.1893745   0.1701487   0.1568458   0.1478124   0.1417119   0.1375606   0.1346768   0.1326237
  66.5826372   0.1848121   0.1755244   0.1770784   0.1732521   0.1659538   0.1577701   0.1500533   0.1433400   0.1378082   0.1334891
  66.7499302   0.1414256   0.1443669   0.1457714   0.1464461   0.1458448   0.1432990   0.1393032   0.1347974   0.1306155   0.1272863
  66.9172233   0.1242154   0.1190011   0.1183893   0.1183355   0.1179134   0.1171724   0.1163011   0.1156137   0.1154036   0.1158327
  67.0845164   0.0872039   0.0927194   0.0909888   0.0886526   0.0875082   0.0883298   0.0911644   0.0954976   0.1006692   0.1061414
  67.2518094   0.0522228   0.0522724   0.0512443   0.0530879   0.0585474   0.0669324   0.0769874   0.0875823   0.0978973   0.1074343
  67.4191025   0.0002522   0.0056672   0.0196934   0.0385081   0.0579234   0.0758387   0.0916059   0.1051775   0.1167336   0.1265295
  67.5863955   0.0155693   0.0528192   0.0835484   0.1057975   0.1223321   0.1349694   0.1446863   0.1522272   0.1582285   0.1631713
  67.7536886   0.3254203   0.2854176   0.2598233   0.2442267   0.2337606   0.2258363   0.2195937   0.2147716   0.2111924   0.2086530
  67.9209817   0.3633555   0.3672983   0.3577594   0.3376457   0.3158553   0.2963834   0.2804167   0.2677941   0.2579287   0.2502167
  68.0882747   0.4339989   0.3735938   0.3529967   0.3388121   0.3264373   0.3151352   0.3046820   0.2950857   0.2864114   0.2786680
  68.2555678   0.2659010   0.2675361   0.2773128   0.2877662   0.2963149   0.3010712   0.3021915   0.3006091   0.2972426   0.2927958
  68.4228608   0.1795990   0.2218769   0.2552927   0.2746444   0.2857812   0.2927270   0.2969772   0.2989314   0.2988524   0.2971086
  68.5901539   0.4521675   0.3733082   0.3310464   0.3102508   0.3018335   0.2992112   0.2986625   0.2983946   0.2976371   0.2961325
  68.7574469   0.2451223   0.2817180   0.3013603   0.3073762   0.3066712   0.3034668   0.2998201   0.2965082   0.2936549   0.2911053
  68.9247400   0.2969417   0.2982669   0.3019276   0.3029910   0.3006668   0.2963408   0.2916146   0.2873917   0.2839319   0.2811517
  69.0920331   0.3815748   0.3382428   0.3089340   0.2902197   0.2798528   0.2744359   0.2713816   0.2693177   0.2676897   0.2663382
  69.2593261   0.1778042   0.2023542   0.2203142   0.2312460   0.2378082   0.2421458   0.2451154   0.2470636   0.2483017   0.2491516
  69.4266192   0.1549720   0.1740009   0.1869843   0.2008565   0.2121661   0.2198339   0.2247767   0.2282063   0.2309515   0.2334260
  69.5939122   0.2216837   0.2270908   0.2250116   0.2199106   0.2159231   0.2141755   0.2144729   0.2163141   0.2191527   0.2224774
  69.7612053   0.3112878   0.2609887   0.2361101   0.2209660   0.2119651   0.2081496   0.2082669   0.2108087   0.2144821   0.2183943
  69.9284984   0.1196586   0.1541124   0.1703631   0.1814909   0.1914212   0.2002818   0.2077719   0.2138117   0.2184662   0.2218768
  70.0957914   0.1186669   0.1372619   0.1599291   0.1839535   0.2032320   0.2165570   0.2247506   0.2290804   0.2307481   0.2307129
  70.2630845   0.2548662   0.2684787   0.2729401   0.2703603   0.2661403   0.2612797   0.2558197   0.2499182   0.2438612   0.2379554
  70.4303775   0.5029773   0.4164437   0.3719815   0.3394251   0.3122228   0.2895693   0.2710567   0.2560215   0.2437922   0.2338400
  70.5976706   0.2743449   0.3100947   0.3074581   0.2925169   0.2749234   0.2580597   0.2431454   0.2305950   0.2204213   0.2124093
  70.7649636   0.1536386   0.1650162   0.1663971   0.1717647   0.1765555   0.1789155   0.1793258   0.1787848   0.1780463   0.1774975
  70.9322567   0.0103447   0.0305960   0.0538178   0.0725755   0.0881543   0.1020119   0.1143734   0.1251319   0.1342651   0.1419049
  71.0995498   0.0590820   0.0421220   0.0357205   0.0392364   0.0499245   0.0643389   0.0798847   0.0948235   0.1082379   0.1198575
  71.2668428   0.0073445   0.0191384   0.0342434   0.0482443   0.0616256   0.0746292   0.0869459   0.0983989   0.1089880   0.1187703
  71.4341359   0.0730057   0.0917047   0.1029970   0.1131819   0.1198870   0.1234907   0.1258031   0.1283251   0.1317766   0.1362748
  71.6014289   0.2224007   0.2344870   0.2245635   0.2081154   0.1922456   0.1796585   0.1709717   0.1658753   0.1637700   0.1640288
  71.7687220   0.3725976   0.3019018   0.2617908   0.2349518   0.2172141   0.2062811   0.1998828   0.1964014   0.1949036   0.1948599
  71.9360151   0.1002239   0.1370496   0.1626547   0.1837908   0.1998407   0.2107019   0.2176473   0.2220978   0.2250702   0.2271697
  72.1033081   0.0628635   0.1262114   0.1712508   0.2026867   0.2240624   0.2387161   0.2488657   0.2558093   0.2603149   0.2628946
  72.2706012   0.4619578   0.3853752   0.3394564   0.3146034   0.3037142   0.3006237   0.3009515   0.3020113   0.3024142   0.3016399
  72.4378942   0.3641564   0.3762280   0.3809942   0.3764813   0.3693399   0.3624331   0.3560922   0.3499459   0.3436781   0.3371783
  72.6051873   0.3813587   0.3877960   0.3986944   0.4082705   0.4099630   0.4044304   0.3945294   0.3827915   0.3708168   0.3593960
  72.7724803   0.4403532   0.4771628   0.4680339   0.4515838   0.4346001   0.4178676   0.4016104   0.3863017   0.3723262   0.3598055
  72.9397734   0.5228352   0.4904743   0.4534037   0.4238602   0.3996270   0.3806625   0.3661742   0.3547895   0.3453187   0.3369983
  73.1070665   0.2436831   0.2806940   0.2897108   0.2920371   0.2939550   0.2961310   0.2980402   0.2992151   0.2994043   0.2985827
  73.2743595   0.1140655   0.1120559   0.1363320   0.1679136   0.1960625   0.2179067   0.2337712   0.2448441   0.2523504   0.2572934
  73.4416526   0.0675968   0.1135458   0.1449647   0.1649734   0.1800654   0.1924473   0.2026060   0.2108724   0.2176488   0.2232826
  73.6089456   0.3635901   0.2979142   0.2536213   0.2263697   0.2095891   0.1997876   0.1951477   0.1943018   0.1960282   0.1992820
  73.7762387   0.1924279   0.2211887   0.2245440   0.2138869   0.2004880   0.1896891   0.1831241   0.1805035   0.1808112   0.1829711
  73.9435318   0.1807621   0.1451545   0.1399948   0.1439861   0.1501634   0.1562331   0.1614555   0.1657736   0.1693892   0.1725347
  74.1108248   0.0309130   0.0540004   0.0764496   0.0999469   0.1219266   0.1395734   0.1521270   0.1602488   0.1651374   0.1679658
  74.2781179   0.0644339   0.1008676   0.1320124   0.1500355   0.1599039   0.1651533   0.1676730   0.1684664   0.1681782   0.1672949
  74.4454109   0.4338629   0.3321383   0.2788271   0.2439052   0.2186316   0.1999743   0.1863515   0.1765617   0.1695484   0.1644584
  74.6127040   0.2196522   0.2581833   0.2496543   0.2286608   0.2074244   0.1896889   0.1760478   0.1659630   0.1586390   0.1533303
  74.7799970   0.0896007   0.1034496   0.1124743   0.1227263   0.1303591   0.1345447   0.1360307   0.1358694   0.1348928   0.1336145
  74.9472901   0.0002884   0.0085313   0.0284662   0.0507279   0.0702576   0.0854749   0.0963998   0.1037536   0.1084296   0.1112352
  75.1145832   0.0187952   0.0468410   0.0580425   0.0626863   0.0672508   0.0729363   0.0790215   0.0846061   0.0891873   0.0926546
  75.2818762   0.2063257   0.1414756   0.1094540   0.0928386   0.0839016   0.0792945   0.0774640   0.0774015   0.0783159   0.0796296
  75.4491693   0.0168793   0.0555131   0.0773257   0.0833214   0.0820689   0.0784634   0.0747881   0.0719655   0.0702048   0.0693684
  75.6164623   0.1219404   0.0896879   0.0749701   0.0699089   0.0677515   0.0658222   0.0636584   0.0615095   0.0596979   0.0584103
  75.7837554   0.0267691   0.0446005   0.0481408   0.0474976   0.0468026   0.0466119   0.0465324   0.0463149   0.0459697   0.0456296
  75.9510485   0.0100530   0.0125409   0.0171005   0.0217739   0.0250115   0.0272285   0.0289406   0.0303305   0.0314402   0.0323195
  76.1183415   0.0129316   0.0118944   0.0103052   0.0101974   0.0114935   0.0133730   0.0153429   0.0172327   0.0189778   0.0205462
  76.2856346   0.0000618   0.0011061   0.0026269   0.0036726   0.0045391   0.0056222   0.0069752   0.0084978   0.0100894   0.0116743
  76.4529276   0.0000000   0.0000086   0.0001702   0.0006233   0.0012197   0.0018834   0.0026688   0.0036153   0.0047100   0.0059128
  76.6202207   0.0000000   0.0000000   0.0000027   0.0000441   0.0001894   0.0004510   0.0008182   0.0013017   0.0019155   0.0026590
  76.7875137   0.0000000   0.0000000   0.0000000   0.0000013   0.0000161   0.0000719   0.0001907   0.0003855   0.0006695   0.0010549
  76.9548068   0.0000000   0.0000000   0.0000000   0.0000000   0.0000007   0.0000074   0.0000326   0.0000913   0.0001978   0.0003659
  77.1220999   0.0000000   0.0000000   0.0000000   0.0000000   0.0000000   0.0000005   0.0000040   0.0000169   0.0000486   0.0001099
  77.2893929   0.0000000   0.0000000   0.0000000   0.0000000   0.0000000   0.0000000   0.0000003   0.0000024   0.0000098   0.0000283
  77.4566860   0.0000000   0.0000000   0.0000000   0.0000000   0.0000000   0.0000000   0.0000000   0.0000003   0.0000016   0.0000062
  77.6239790   0.0000000   0.0000000   0.0000000   0.0000000   0.0000000   0.0000000   0.0000000   0.0000000   0.0000002   0.0000011
  77.7912721   0.0000000   0.0000000   0.0000000   0.0000000   0.0000000   0.0000000   0.0000000   0.0000000   0.0000000   0.0000002
  77.9585651   0.0000000   0.0000000   0.0000000   0.0000000   0.0000000   0.0000000   0.0000000   0.0000000   0.0000000   0.0000000
  78.1258582   0.0000000   0.0000000   0.0000000   0.0000000   0.0000000   0.0000000   0.0000000   0.0000000   0.0000000   0.0000000
  78.2931513   0.0000000   0.0000000   0.0000000   0.0000000   0.0000000   0.0000000   0.0000000   0.0000000   0.0000000   0.0000000
  78.4604443   0.0000000   0.0000000   0.0000000   0.0000000   0.0000000   0.0000000   0.0000000   0.0000000   0.0000000   0.0000000
  78.6277374   0.0000000   0.0000000   0.0000000   0.0000000   0.0000000   0.0000000   0.0000000   0.0000000   0.0000000   0.0000000
  78.7950304   0.0000000   0.0000000   0.0000000   0.0000000   0.0000000   0.0000000   0.0000000   0.0000000   0.0000000   0.0000000
  78.9623235   0.0000000   0.0000000   0.0000000   0.0000000   0.0000000   0.0000000   0.0000000   0.0000000   0.0000000   0.0000000
  79.1296166   0.0000000   0.0000000   0.0000000   0.0000000   0.0000000   0.0000000   0.0000000   0.0000000   0.0000000   0.0000000
  79.2969096   0.0000000   0.0000000   0.0000000   0.0000000   0.0000000   0.0000000   0.0000000   0.0000000   0.0000000   0.0000000
  79.4642027   0.0000000   0.0000000   0.0000000   0.0000000   0.0000000   0.0000000   0.0000000   0.0000000   0.0000000   0.0000000
  79.6314957   0.0000000   0.0000000   0.0000000   0.0000000   0.0000000   0.0000000   0.0000000   0.0000000   0.0000000   0.0000000
  79.7987888   0.0000000   0.0000000   0.0000000   0.0000000   0.0000000   0.0000000   0.0000000   0.0000000   0.0000000   0.0000000
  79.9660818   0.0000000   0.0000000   0.0000000   0.0000000   0.0000000   0.0000000   0.0000000   0.0000000   0.0000000   0.0000000
  80.1333749   0.0000000   0.0000000   0.0000000   0.0000000   0.0000000   0.0000000   0.0000000   0.0000000   0.0000000   0.0000000
  80.3006680   0.0000000   0.0000000   0.0000000   0.0000000   0.0000000   0.0000000   0.0000000   0.0000000   0.0000000   0.0000000
  80.4679610   0.0000000   0.0000000   0.0000000   0.0000000   0.0000000   0.0000000   0.0000000   0.0000000   0.0000000   0.0000000
  80.6352541   0.0000000   0.0000000   0.0000000   0.0000000   0.0000000   0.0000000   0.0000000   0.0000000   0.0000000   0.0000000
  80.8025471   0.0000000   0.0000000   0.0000000   0.0000000   0.0000000   0.0000000   0.0000000   0.0000000   0.0000000   0.0000000
  80.9698402   0.0000000   0.0000000   0.0000000   0.0000000   0.0000000   0.0000000   0.0000000   0.0000000   0.0000000   0.0000000
  81.1371333   0.0000000   0.0000000   0.0000000   0.0000000   0.0000000   0.0000000   0.0000000   0.0000000   0.0000000   0.0000000
  81.3044263   0.0000000   0.0000000   0.0000000   0.0000000   0.0000000   0.0000000   0.0000000   0.0000000   0.0000000   0.0000000
  81.4717194   0.0000000   0.0000000   0.0000000   0.0000000   0.0000000   0.0000000   0.0000000   0.0000000   0.0000000   0.0000000
  81.6390124   0.0000000   0.0000000   0.0000000   0.0000000   0.0000000   0.0000000   0.0000000   0.0000000   0.0000000   0.0000000
  81.8063055   0.0000000   0.0000000   0.0000000   0.0000000   0.0000000   0.0000000   0.0000000   0.0000000   0.0000000   0.0000000
  81.9735985   0.0000000   0.0000000   0.0000000   0.0000000   0.0000000   0.0000000   0.0000000   0.0000000   0.0000000   0.0000000
  82.1408916   0.0000000   0.0000000   0.0000000   0.0000000   0.0000000   0.0000000   0.0000000   0.0000000   0.0000000   0.0000000
  82.3081847   0.0000000   0.0000000   0.0000000   0.0000000   0.0000000   0.0000000   0.0000000   0.0000000   0.0000000   0.0000000
  82.4754777   0.0000000   0.0000000   0.0000000   0.0000000   0.0000000   0.0000000   0.0000000   0.0000000   0.0000000   0.0000000
  82.6427708   0.0000000   0.0000000   0.0000000   0.0000000   0.0000000   0.0000000   0.0000000   0.0000000   0.0000000   0.0000000
  82.8100638   0.0000000   0.0000000   0.0000000   0.0000000   0.0000000   0.0000000   0.0000000   0.0000000   0.0000000   0.0000000
  82.9773569   0.0000000   0.0000000   0.0000000   0.0000000   0.0000000   0.0000000   0.0000000   0.0000000   0.0000000   0.0000000
  83.1446500   0.0000000   0.0000000   0.0000000   0.0000000   0.0000000   0.0000000   0.0000000   0.0000000   0.0000000   0.0000000
  83.3119430   0.0000000   0.0000000   0.0000000   0.0000000   0.0000000   0.0000000   0.0000000   0.0000000   0.0000000   0.0000000
  83.4792361   0.0000000   0.0000000   0.0000000   0.0000000   0.0000000   0.0000000   0.0000000   0.0000000   0.0000000   0.0000000
  83.6465291   0.0000000   0.0000000   0.0000000   0.0000000   0.0000000   0.0000000   0.0000000   0.0000000   0.0000000   0.0000000
 Integrated el-ph coupling
  #            0.3852229   0.3866715   0.3866964   0.3867055   0.3867167   0.3867299   0.3867451   0.3867624   0.3867818   0.3868033
 Phonon smearing (meV)
  #            0.1000000   0.1500000   0.2000000   0.2500000   0.3000000   0.3500000   0.4000000   0.4500000   0.5000000   0.5500000
 Electron smearing (eV)   0.1000000
 Fermi window (eV)   0.4000000
 Summed el-ph coupling    0.3866803
