   0.00000    0.00000    0.00000    0.00000    0.00000    0.00000    0.01731    0.01731    0.02515    0.04562    0.05655    0.06480    0.06480    0.06853    0.06853
   0.00000    0.08333    0.00000   -0.00251    0.00622    0.01039    0.01800    0.01926    0.02534    0.04549    0.05592    0.06509    0.06542    0.06846    0.06902
   0.00000    0.16667    0.00000    0.00170    0.01203    0.01938    0.01969    0.02325    0.02578    0.04525    0.05418    0.06587    0.06718    0.06830    0.07036
   0.00000    0.25000    0.00000    0.00762    0.01699    0.02164    0.02530    0.02662    0.02709    0.04526    0.05180    0.06691    0.06814    0.06973    0.07226
   0.00000    0.33333    0.00000    0.01289    0.02077    0.02327    0.02563    0.02963    0.02969    0.04571    0.04947    0.06789    0.06809    0.07249    0.07421
   0.00000    0.41667    0.00000    0.01763    0.02319    0.02423    0.02457    0.03078    0.03101    0.04631    0.04789    0.06806    0.06863    0.07469    0.07561
   0.00000    0.50000    0.00000    0.02057    0.02298    0.02416    0.02440    0.03109    0.03125    0.04664    0.04729    0.06809    0.06888    0.07561    0.07604
   0.00000    0.58333    0.00000    0.01763    0.02319    0.02423    0.02457    0.03078    0.03101    0.04631    0.04789    0.06806    0.06863    0.07469    0.07561
   0.00000    0.66667    0.00000    0.01289    0.02077    0.02327    0.02563    0.02963    0.02969    0.04571    0.04947    0.06789    0.06809    0.07249    0.07421
   0.00000    0.75000    0.00000    0.00762    0.01699    0.02164    0.02530    0.02662    0.02709    0.04526    0.05180    0.06691    0.06814    0.06973    0.07226
   0.00000    0.83333    0.00000    0.00170    0.01203    0.01938    0.01969    0.02325    0.02578    0.04525    0.05418    0.06587    0.06718    0.06830    0.07036
   0.00000    0.91667    0.00000   -0.00251    0.00622    0.01039    0.01800    0.01926    0.02534    0.04549    0.05592    0.06509    0.06542    0.06846    0.06902
   0.08333    0.00000    0.00000   -0.00251    0.00622    0.01039    0.01800    0.01926    0.02534    0.04549    0.05592    0.06509    0.06542    0.06846    0.06902
   0.08333    0.08333    0.00000   -0.00417    0.00847    0.01461    0.01838    0.02063    0.02561    0.04532    0.05536    0.06493    0.06634    0.06858    0.06946
   0.08333    0.16667    0.00000   -0.00256    0.01313    0.01996    0.02130    0.02395    0.02602    0.04508    0.05371    0.06546    0.06809    0.06854    0.07069
   0.08333    0.25000    0.00000    0.00735    0.01766    0.02204    0.02568    0.02712    0.02737    0.04510    0.05139    0.06658    0.06834    0.07038    0.07236
   0.08333    0.33333    0.00000    0.01298    0.02120    0.02384    0.02562    0.02959    0.02999    0.04555    0.04909    0.06781    0.06826    0.07268    0.07405
   0.08333    0.41667    0.00000    0.01780    0.02342    0.02451    0.02491    0.03061    0.03110    0.04613    0.04751    0.06825    0.06874    0.07450    0.07527
   0.08333    0.50000    0.00000    0.02055    0.02282    0.02457    0.02502    0.03097    0.03117    0.04634    0.04701    0.06825    0.06912    0.07526    0.07566
   0.08333    0.58333    0.00000    0.01749    0.02359    0.02466    0.02469    0.03077    0.03090    0.04601    0.04763    0.06814    0.06888    0.07448    0.07531
   0.08333    0.66667    0.00000    0.01298    0.02120    0.02384    0.02562    0.02959    0.02999    0.04555    0.04909    0.06781    0.06826    0.07268    0.07405
   0.08333    0.75000    0.00000    0.00822    0.01746    0.02242    0.02552    0.02684    0.02780    0.04520    0.05127    0.06674    0.06808    0.07047    0.07223
   0.08333    0.83333    0.00000    0.00381    0.01280    0.02041    0.02121    0.02450    0.02574    0.04519    0.05355    0.06563    0.06791    0.06857    0.07044
   0.08333    0.91667    0.00000   -0.00110    0.00814    0.01436    0.01890    0.02107    0.02540    0.04540    0.05526    0.06502    0.06641    0.06842    0.06928
   0.16667    0.00000    0.00000    0.00170    0.01203    0.01938    0.01969    0.02325    0.02578    0.04525    0.05418    0.06587    0.06718    0.06830    0.07036
   0.16667    0.08333    0.00000   -0.00256    0.01313    0.01996    0.02130    0.02395    0.02602    0.04508    0.05371    0.06546    0.06809    0.06854    0.07069
   0.16667    0.16667    0.00000    0.00301    0.01592    0.02142    0.02478    0.02605    0.02644    0.04485    0.05224    0.06553    0.06862    0.06982    0.07150
   0.16667    0.25000    0.00000    0.00851    0.01932    0.02347    0.02596    0.02819    0.02862    0.04485    0.05015    0.06638    0.06858    0.07156    0.07264
   0.16667    0.33333    0.00000    0.01361    0.02232    0.02526    0.02557    0.02978    0.03042    0.04518    0.04805    0.06774    0.06858    0.07300    0.07373
   0.16667    0.41667    0.00000    0.01811    0.02386    0.02487    0.02629    0.03039    0.03109    0.04556    0.04662    0.06864    0.06907    0.07394    0.07443
   0.16667    0.50000    0.00000    0.02067    0.02259    0.02563    0.02633    0.03071    0.03096    0.04558    0.04629    0.06868    0.06966    0.07431    0.07463
   0.16667    0.58333    0.00000    0.01770    0.02410    0.02511    0.02596    0.03054    0.03089    0.04538    0.04682    0.06843    0.06934    0.07392    0.07447
   0.16667    0.66667    0.00000    0.01361    0.02232    0.02526    0.02557    0.02978    0.03042    0.04518    0.04805    0.06774    0.06858    0.07300    0.07373
   0.16667    0.75000    0.00000    0.00949    0.01905    0.02397    0.02576    0.02801    0.02897    0.04500    0.04996    0.06662    0.06818    0.07180    0.07239
   0.16667    0.83333    0.00000    0.00603    0.01550    0.02218    0.02457    0.02601    0.02675    0.04503    0.05200    0.06579    0.06806    0.07026    0.07107
   0.16667    0.91667    0.00000    0.00381    0.01280    0.02041    0.02121    0.02450    0.02574    0.04519    0.05355    0.06563    0.06791    0.06857    0.07044
   0.25000    0.00000    0.00000    0.00762    0.01699    0.02164    0.02530    0.02662    0.02709    0.04526    0.05180    0.06691    0.06814    0.06973    0.07226
   0.25000    0.08333    0.00000    0.00735    0.01766    0.02204    0.02568    0.02712    0.02737    0.04510    0.05139    0.06658    0.06834    0.07038    0.07236
   0.25000    0.16667    0.00000    0.00851    0.01932    0.02347    0.02596    0.02819    0.02862    0.04485    0.05015    0.06638    0.06858    0.07156    0.07264
   0.25000    0.25000    0.00000    0.01145    0.02156    0.02538    0.02585    0.02936    0.02991    0.04474    0.04841    0.06684    0.06873    0.07244    0.07320
   0.25000    0.33333    0.00000    0.01517    0.02381    0.02531    0.02702    0.03004    0.03071    0.04482    0.04668    0.06790    0.06893    0.07284    0.07363
   0.25000    0.41667    0.00000    0.01877    0.02386    0.02590    0.02782    0.03025    0.03092    0.04489    0.04556    0.06896    0.06951    0.07293    0.07358
   0.25000    0.50000    0.00000    0.02106    0.02242    0.02691    0.02774    0.03045    0.03068    0.04470    0.04542    0.06919    0.07017    0.07301    0.07326
   0.25000    0.58333    0.00000    0.01851    0.02404    0.02607    0.02760    0.03035    0.03078    0.04472    0.04575    0.06877    0.06975    0.07297    0.07352
   0.25000    0.66667    0.00000    0.01517    0.02381    0.02531    0.02702    0.03004    0.03071    0.04482    0.04668    0.06790    0.06893    0.07284    0.07363
   0.25000    0.75000    0.00000    0.01194    0.02138    0.02559    0.02582    0.02931    0.03005    0.04486    0.04825    0.06703    0.06842    0.07256    0.07309
   0.25000    0.83333    0.00000    0.00949    0.01905    0.02397    0.02576    0.02801    0.02897    0.04500    0.04996    0.06662    0.06818    0.07180    0.07239
   0.25000    0.91667    0.00000    0.00822    0.01746    0.02242    0.02552    0.02684    0.02780    0.04520    0.05127    0.06674    0.06808    0.07047    0.07223
   0.33333    0.00000    0.00000    0.01289    0.02077    0.02327    0.02563    0.02963    0.02969    0.04571    0.04947    0.06789    0.06809    0.07249    0.07421
   0.33333    0.08333    0.00000    0.01298    0.02120    0.02384    0.02562    0.02959    0.02999    0.04555    0.04909    0.06781    0.06826    0.07268    0.07405
   0.33333    0.16667    0.00000    0.01361    0.02232    0.02526    0.02557    0.02978    0.03042    0.04518    0.04805    0.06774    0.06858    0.07300    0.07373
   0.33333    0.25000    0.00000    0.01517    0.02381    0.02531    0.02702    0.03004    0.03071    0.04482    0.04668    0.06790    0.06893    0.07284    0.07363
   0.33333    0.33333    0.00000    0.01739    0.02471    0.02544    0.02848    0.03020    0.03068    0.04459    0.04543    0.06839    0.06938    0.07230    0.07344
   0.33333    0.41667    0.00000    0.01976    0.02365    0.02697    0.02910    0.03023    0.03047    0.04431    0.04480    0.06908    0.07005    0.07171    0.07280
   0.33333    0.50000    0.00000    0.02155    0.02235    0.02793    0.02879    0.03020    0.03048    0.04411    0.04471    0.06957    0.07032    0.07182    0.07200
   0.33333    0.58333    0.00000    0.01976    0.02365    0.02697    0.02910    0.03023    0.03047    0.04431    0.04480    0.06908    0.07005    0.07171    0.07280
   0.33333    0.66667    0.00000    0.01739    0.02471    0.02544    0.02848    0.03020    0.03068    0.04459    0.04543    0.06839    0.06938    0.07230    0.07344
   0.33333    0.75000    0.00000    0.01517    0.02381    0.02531    0.02702    0.03004    0.03071    0.04482    0.04668    0.06790    0.06893    0.07284    0.07363
   0.33333    0.83333    0.00000    0.01361    0.02232    0.02526    0.02557    0.02978    0.03042    0.04518    0.04805    0.06774    0.06858    0.07300    0.07373
   0.33333    0.91667    0.00000    0.01298    0.02120    0.02384    0.02562    0.02959    0.02999    0.04555    0.04909    0.06781    0.06826    0.07268    0.07405
   0.41667    0.00000    0.00000    0.01763    0.02319    0.02423    0.02457    0.03078    0.03101    0.04631    0.04789    0.06806    0.06863    0.07469    0.07561
   0.41667    0.08333    0.00000    0.01780    0.02342    0.02451    0.02491    0.03061    0.03110    0.04613    0.04751    0.06825    0.06874    0.07450    0.07527
   0.41667    0.16667    0.00000    0.01811    0.02386    0.02487    0.02629    0.03039    0.03109    0.04556    0.04662    0.06864    0.06907    0.07394    0.07443
   0.41667    0.25000    0.00000    0.01877    0.02386    0.02590    0.02782    0.03025    0.03092    0.04489    0.04556    0.06896    0.06951    0.07293    0.07358
   0.41667    0.33333    0.00000    0.01976    0.02365    0.02697    0.02910    0.03023    0.03047    0.04431    0.04480    0.06908    0.07005    0.07171    0.07280
   0.41667    0.41667    0.00000    0.02088    0.02315    0.02788    0.02949    0.02996    0.03050    0.04398    0.04446    0.06924    0.07067    0.07067    0.07196
   0.41667    0.50000    0.00000    0.02193    0.02235    0.02840    0.02897    0.03021    0.03061    0.04396    0.04430    0.06965    0.06998    0.07112    0.07137
   0.41667    0.58333    0.00000    0.02109    0.02297    0.02770    0.02970    0.03012    0.03036    0.04418    0.04425    0.06939    0.07044    0.07060    0.07210
   0.41667    0.66667    0.00000    0.01976    0.02365    0.02697    0.02910    0.03023    0.03047    0.04431    0.04480    0.06908    0.07005    0.07171    0.07280
   0.41667    0.75000    0.00000    0.01851    0.02404    0.02607    0.02760    0.03035    0.03078    0.04472    0.04575    0.06877    0.06975    0.07297    0.07352
   0.41667    0.83333    0.00000    0.01770    0.02410    0.02511    0.02596    0.03054    0.03089    0.04538    0.04682    0.06843    0.06934    0.07392    0.07447
   0.41667    0.91667    0.00000    0.01749    0.02359    0.02466    0.02469    0.03077    0.03090    0.04601    0.04763    0.06814    0.06888    0.07448    0.07531
   0.50000    0.00000    0.00000    0.02057    0.02298    0.02416    0.02440    0.03109    0.03125    0.04664    0.04729    0.06809    0.06888    0.07561    0.07604
   0.50000    0.08333    0.00000    0.02055    0.02282    0.02457    0.02502    0.03097    0.03117    0.04634    0.04701    0.06825    0.06912    0.07526    0.07566
   0.50000    0.16667    0.00000    0.02067    0.02259    0.02563    0.02633    0.03071    0.03096    0.04558    0.04629    0.06868    0.06966    0.07431    0.07463
   0.50000    0.25000    0.00000    0.02106    0.02242    0.02691    0.02774    0.03045    0.03068    0.04470    0.04542    0.06919    0.07017    0.07301    0.07326
   0.50000    0.33333    0.00000    0.02155    0.02235    0.02793    0.02879    0.03020    0.03048    0.04411    0.04471    0.06957    0.07032    0.07182    0.07200
   0.50000    0.41667    0.00000    0.02193    0.02235    0.02840    0.02897    0.03021    0.03061    0.04396    0.04430    0.06965    0.06998    0.07112    0.07137
   0.50000    0.50000    0.00000    0.02206    0.02237    0.02852    0.02878    0.03030    0.03078    0.04402    0.04413    0.06954    0.06979    0.07090    0.07127
   0.50000    0.58333    0.00000    0.02193    0.02235    0.02840    0.02897    0.03021    0.03061    0.04396    0.04430    0.06965    0.06998    0.07112    0.07137
   0.50000    0.66667    0.00000    0.02155    0.02235    0.02793    0.02879    0.03020    0.03048    0.04411    0.04471    0.06957    0.07032    0.07182    0.07200
   0.50000    0.75000    0.00000    0.02106    0.02242    0.02691    0.02774    0.03045    0.03068    0.04470    0.04542    0.06919    0.07017    0.07301    0.07326
   0.50000    0.83333    0.00000    0.02067    0.02259    0.02563    0.02633    0.03071    0.03096    0.04558    0.04629    0.06868    0.06966    0.07431    0.07463
   0.50000    0.91667    0.00000    0.02055    0.02282    0.02457    0.02502    0.03097    0.03117    0.04634    0.04701    0.06825    0.06912    0.07526    0.07566
   0.58333    0.00000    0.00000    0.01763    0.02319    0.02423    0.02457    0.03078    0.03101    0.04631    0.04789    0.06806    0.06863    0.07469    0.07561
   0.58333    0.08333    0.00000    0.01749    0.02359    0.02466    0.02469    0.03077    0.03090    0.04601    0.04763    0.06814    0.06888    0.07448    0.07531
   0.58333    0.16667    0.00000    0.01770    0.02410    0.02511    0.02596    0.03054    0.03089    0.04538    0.04682    0.06843    0.06934    0.07392    0.07447
   0.58333    0.25000    0.00000    0.01851    0.02404    0.02607    0.02760    0.03035    0.03078    0.04472    0.04575    0.06877    0.06975    0.07297    0.07352
   0.58333    0.33333    0.00000    0.01976    0.02365    0.02697    0.02910    0.03023    0.03047    0.04431    0.04480    0.06908    0.07005    0.07171    0.07280
   0.58333    0.41667    0.00000    0.02109    0.02297    0.02770    0.02970    0.03012    0.03036    0.04418    0.04425    0.06939    0.07044    0.07060    0.07210
   0.58333    0.50000    0.00000    0.02193    0.02235    0.02840    0.02897    0.03021    0.03061    0.04396    0.04430    0.06965    0.06998    0.07112    0.07137
   0.58333    0.58333    0.00000    0.02088    0.02315    0.02788    0.02949    0.02996    0.03050    0.04398    0.04446    0.06924    0.07067    0.07067    0.07196
   0.58333    0.66667    0.00000    0.01976    0.02365    0.02697    0.02910    0.03023    0.03047    0.04431    0.04480    0.06908    0.07005    0.07171    0.07280
   0.58333    0.75000    0.00000    0.01877    0.02386    0.02590    0.02782    0.03025    0.03092    0.04489    0.04556    0.06896    0.06951    0.07293    0.07358
   0.58333    0.83333    0.00000    0.01811    0.02386    0.02487    0.02629    0.03039    0.03109    0.04556    0.04662    0.06864    0.06907    0.07394    0.07443
   0.58333    0.91667    0.00000    0.01780    0.02342    0.02451    0.02491    0.03061    0.03110    0.04613    0.04751    0.06825    0.06874    0.07450    0.07527
   0.66667    0.00000    0.00000    0.01289    0.02077    0.02327    0.02563    0.02963    0.02969    0.04571    0.04947    0.06789    0.06809    0.07249    0.07421
   0.66667    0.08333    0.00000    0.01298    0.02120    0.02384    0.02562    0.02959    0.02999    0.04555    0.04909    0.06781    0.06826    0.07268    0.07405
   0.66667    0.16667    0.00000    0.01361    0.02232    0.02526    0.02557    0.02978    0.03042    0.04518    0.04805    0.06774    0.06858    0.07300    0.07373
   0.66667    0.25000    0.00000    0.01517    0.02381    0.02531    0.02702    0.03004    0.03071    0.04482    0.04668    0.06790    0.06893    0.07284    0.07363
   0.66667    0.33333    0.00000    0.01739    0.02471    0.02544    0.02848    0.03020    0.03068    0.04459    0.04543    0.06839    0.06938    0.07230    0.07344
   0.66667    0.41667    0.00000    0.01976    0.02365    0.02697    0.02910    0.03023    0.03047    0.04431    0.04480    0.06908    0.07005    0.07171    0.07280
   0.66667    0.50000    0.00000    0.02155    0.02235    0.02793    0.02879    0.03020    0.03048    0.04411    0.04471    0.06957    0.07032    0.07182    0.07200
   0.66667    0.58333    0.00000    0.01976    0.02365    0.02697    0.02910    0.03023    0.03047    0.04431    0.04480    0.06908    0.07005    0.07171    0.07280
   0.66667    0.66667    0.00000    0.01739    0.02471    0.02544    0.02848    0.03020    0.03068    0.04459    0.04543    0.06839    0.06938    0.07230    0.07344
   0.66667    0.75000    0.00000    0.01517    0.02381    0.02531    0.02702    0.03004    0.03071    0.04482    0.04668    0.06790    0.06893    0.07284    0.07363
   0.66667    0.83333    0.00000    0.01361    0.02232    0.02526    0.02557    0.02978    0.03042    0.04518    0.04805    0.06774    0.06858    0.07300    0.07373
   0.66667    0.91667    0.00000    0.01298    0.02120    0.02384    0.02562    0.02959    0.02999    0.04555    0.04909    0.06781    0.06826    0.07268    0.07405
   0.75000    0.00000    0.00000    0.00762    0.01699    0.02164    0.02530    0.02662    0.02709    0.04526    0.05180    0.06691    0.06814    0.06973    0.07226
   0.75000    0.08333    0.00000    0.00822    0.01746    0.02242    0.02552    0.02684    0.02780    0.04520    0.05127    0.06674    0.06808    0.07047    0.07223
   0.75000    0.16667    0.00000    0.00949    0.01905    0.02397    0.02576    0.02801    0.02897    0.04500    0.04996    0.06662    0.06818    0.07180    0.07239
   0.75000    0.25000    0.00000    0.01194    0.02138    0.02559    0.02582    0.02931    0.03005    0.04486    0.04825    0.06703    0.06842    0.07256    0.07309
   0.75000    0.33333    0.00000    0.01517    0.02381    0.02531    0.02702    0.03004    0.03071    0.04482    0.04668    0.06790    0.06893    0.07284    0.07363
   0.75000    0.41667    0.00000    0.01851    0.02404    0.02607    0.02760    0.03035    0.03078    0.04472    0.04575    0.06877    0.06975    0.07297    0.07352
   0.75000    0.50000    0.00000    0.02106    0.02242    0.02691    0.02774    0.03045    0.03068    0.04470    0.04542    0.06919    0.07017    0.07301    0.07326
   0.75000    0.58333    0.00000    0.01877    0.02386    0.02590    0.02782    0.03025    0.03092    0.04489    0.04556    0.06896    0.06951    0.07293    0.07358
   0.75000    0.66667    0.00000    0.01517    0.02381    0.02531    0.02702    0.03004    0.03071    0.04482    0.04668    0.06790    0.06893    0.07284    0.07363
   0.75000    0.75000    0.00000    0.01145    0.02156    0.02538    0.02585    0.02936    0.02991    0.04474    0.04841    0.06684    0.06873    0.07244    0.07320
   0.75000    0.83333    0.00000    0.00851    0.01932    0.02347    0.02596    0.02819    0.02862    0.04485    0.05015    0.06638    0.06858    0.07156    0.07264
   0.75000    0.91667    0.00000    0.00735    0.01766    0.02204    0.02568    0.02712    0.02737    0.04510    0.05139    0.06658    0.06834    0.07038    0.07236
   0.83333    0.00000    0.00000    0.00170    0.01203    0.01938    0.01969    0.02325    0.02578    0.04525    0.05418    0.06587    0.06718    0.06830    0.07036
   0.83333    0.08333    0.00000    0.00381    0.01280    0.02041    0.02121    0.02450    0.02574    0.04519    0.05355    0.06563    0.06791    0.06857    0.07044
   0.83333    0.16667    0.00000    0.00603    0.01550    0.02218    0.02457    0.02601    0.02675    0.04503    0.05200    0.06579    0.06806    0.07026    0.07107
   0.83333    0.25000    0.00000    0.00949    0.01905    0.02397    0.02576    0.02801    0.02897    0.04500    0.04996    0.06662    0.06818    0.07180    0.07239
   0.83333    0.33333    0.00000    0.01361    0.02232    0.02526    0.02557    0.02978    0.03042    0.04518    0.04805    0.06774    0.06858    0.07300    0.07373
   0.83333    0.41667    0.00000    0.01770    0.02410    0.02511    0.02596    0.03054    0.03089    0.04538    0.04682    0.06843    0.06934    0.07392    0.07447
   0.83333    0.50000    0.00000    0.02067    0.02259    0.02563    0.02633    0.03071    0.03096    0.04558    0.04629    0.06868    0.06966    0.07431    0.07463
   0.83333    0.58333    0.00000    0.01811    0.02386    0.02487    0.02629    0.03039    0.03109    0.04556    0.04662    0.06864    0.06907    0.07394    0.07443
   0.83333    0.66667    0.00000    0.01361    0.02232    0.02526    0.02557    0.02978    0.03042    0.04518    0.04805    0.06774    0.06858    0.07300    0.07373
   0.83333    0.75000    0.00000    0.00851    0.01932    0.02347    0.02596    0.02819    0.02862    0.04485    0.05015    0.06638    0.06858    0.07156    0.07264
   0.83333    0.83333    0.00000    0.00301    0.01592    0.02142    0.02478    0.02605    0.02644    0.04485    0.05224    0.06553    0.06862    0.06982    0.07150
   0.83333    0.91667    0.00000   -0.00256    0.01313    0.01996    0.02130    0.02395    0.02602    0.04508    0.05371    0.06546    0.06809    0.06854    0.07069
   0.91667    0.00000    0.00000   -0.00251    0.00622    0.01039    0.01800    0.01926    0.02534    0.04549    0.05592    0.06509    0.06542    0.06846    0.06902
   0.91667    0.08333    0.00000   -0.00110    0.00814    0.01436    0.01890    0.02107    0.02540    0.04540    0.05526    0.06502    0.06641    0.06842    0.06928
   0.91667    0.16667    0.00000    0.00381    0.01280    0.02041    0.02121    0.02450    0.02574    0.04519    0.05355    0.06563    0.06791    0.06857    0.07044
   0.91667    0.25000    0.00000    0.00822    0.01746    0.02242    0.02552    0.02684    0.02780    0.04520    0.05127    0.06674    0.06808    0.07047    0.07223
   0.91667    0.33333    0.00000    0.01298    0.02120    0.02384    0.02562    0.02959    0.02999    0.04555    0.04909    0.06781    0.06826    0.07268    0.07405
   0.91667    0.41667    0.00000    0.01749    0.02359    0.02466    0.02469    0.03077    0.03090    0.04601    0.04763    0.06814    0.06888    0.07448    0.07531
   0.91667    0.50000    0.00000    0.02055    0.02282    0.02457    0.02502    0.03097    0.03117    0.04634    0.04701    0.06825    0.06912    0.07526    0.07566
   0.91667    0.58333    0.00000    0.01780    0.02342    0.02451    0.02491    0.03061    0.03110    0.04613    0.04751    0.06825    0.06874    0.07450    0.07527
   0.91667    0.66667    0.00000    0.01298    0.02120    0.02384    0.02562    0.02959    0.02999    0.04555    0.04909    0.06781    0.06826    0.07268    0.07405
   0.91667    0.75000    0.00000    0.00735    0.01766    0.02204    0.02568    0.02712    0.02737    0.04510    0.05139    0.06658    0.06834    0.07038    0.07236
   0.91667    0.83333    0.00000   -0.00256    0.01313    0.01996    0.02130    0.02395    0.02602    0.04508    0.05371    0.06546    0.06809    0.06854    0.07069
   0.91667    0.91667    0.00000   -0.00417    0.00847    0.01461    0.01838    0.02063    0.02561    0.04532    0.05536    0.06493    0.06634    0.06858    0.06946
